Id;Marker;Active;X;Y;Z
0;1;1;0.0000000000000000e+00;0.0000000000000000e+00;0.0000000000000000e+00
1;5;1;2.5000000000000001e-02;0.0000000000000000e+00;0.0000000000000000e+00
2;5;1;5.0000000000000003e-02;0.0000000000000000e+00;0.0000000000000000e+00
3;5;1;7.5000000000000011e-02;0.0000000000000000e+00;0.0000000000000000e+00
4;5;1;1.0000000000000001e-01;0.0000000000000000e+00;0.0000000000000000e+00
5;5;1;1.2500000000000000e-01;0.0000000000000000e+00;0.0000000000000000e+00
6;5;1;1.5000000000000002e-01;0.0000000000000000e+00;0.0000000000000000e+00
7;5;1;1.7500000000000002e-01;0.0000000000000000e+00;0.0000000000000000e+00
8;5;1;2.0000000000000001e-01;0.0000000000000000e+00;0.0000000000000000e+00
9;5;1;2.2500000000000001e-01;0.0000000000000000e+00;0.0000000000000000e+00
10;5;1;2.5000000000000000e-01;0.0000000000000000e+00;0.0000000000000000e+00
11;5;1;2.7500000000000002e-01;0.0000000000000000e+00;0.0000000000000000e+00
12;5;1;3.0000000000000004e-01;0.0000000000000000e+00;0.0000000000000000e+00
13;5;1;3.2500000000000001e-01;0.0000000000000000e+00;0.0000000000000000e+00
14;5;1;3.5000000000000003e-01;0.0000000000000000e+00;0.0000000000000000e+00
15;5;1;3.7500000000000000e-01;0.0000000000000000e+00;0.0000000000000000e+00
16;5;1;4.0000000000000002e-01;0.0000000000000000e+00;0.0000000000000000e+00
17;5;1;4.2500000000000004e-01;0.0000000000000000e+00;0.0000000000000000e+00
18;5;1;4.5000000000000001e-01;0.0000000000000000e+00;0.0000000000000000e+00
19;5;1;4.7500000000000003e-01;0.0000000000000000e+00;0.0000000000000000e+00
20;5;1;5.0000000000000000e-01;0.0000000000000000e+00;0.0000000000000000e+00
21;5;1;5.2500000000000002e-01;0.0000000000000000e+00;0.0000000000000000e+00
22;5;1;5.5000000000000004e-01;0.0000000000000000e+00;0.0000000000000000e+00
23;5;1;5.7500000000000007e-01;0.0000000000000000e+00;0.0000000000000000e+00
24;5;1;6.0000000000000009e-01;0.0000000000000000e+00;0.0000000000000000e+00
25;5;1;6.2500000000000000e-01;0.0000000000000000e+00;0.0000000000000000e+00
26;5;1;6.5000000000000002e-01;0.0000000000000000e+00;0.0000000000000000e+00
27;5;1;6.7500000000000004e-01;0.0000000000000000e+00;0.0000000000000000e+00
28;5;1;7.0000000000000007e-01;0.0000000000000000e+00;0.0000000000000000e+00
29;5;1;7.2500000000000009e-01;0.0000000000000000e+00;0.0000000000000000e+00
30;5;1;7.5000000000000000e-01;0.0000000000000000e+00;0.0000000000000000e+00
31;5;1;7.7500000000000002e-01;0.0000000000000000e+00;0.0000000000000000e+00
32;5;1;8.0000000000000004e-01;0.0000000000000000e+00;0.0000000000000000e+00
33;5;1;8.2500000000000007e-01;0.0000000000000000e+00;0.0000000000000000e+00
34;5;1;8.5000000000000009e-01;0.0000000000000000e+00;0.0000000000000000e+00
35;5;1;8.7500000000000000e-01;0.0000000000000000e+00;0.0000000000000000e+00
36;5;1;9.0000000000000002e-01;0.0000000000000000e+00;0.0000000000000000e+00
37;5;1;9.2500000000000004e-01;0.0000000000000000e+00;0.0000000000000000e+00
38;5;1;9.5000000000000007e-01;0.0000000000000000e+00;0.0000000000000000e+00
39;5;1;9.7500000000000009e-01;0.0000000000000000e+00;0.0000000000000000e+00
40;2;1;1.0000000000000000e+00;0.0000000000000000e+00;0.0000000000000000e+00
41;8;1;0.0000000000000000e+00;2.5000000000000001e-02;0.0000000000000000e+00
42;0;1;2.5000000000000001e-02;2.5000000000000001e-02;0.0000000000000000e+00
43;0;1;5.0000000000000003e-02;2.5000000000000001e-02;0.0000000000000000e+00
44;0;1;7.5000000000000011e-02;2.5000000000000001e-02;0.0000000000000000e+00
45;0;1;1.0000000000000001e-01;2.5000000000000001e-02;0.0000000000000000e+00
46;0;1;1.2500000000000000e-01;2.5000000000000001e-02;0.0000000000000000e+00
47;0;1;1.5000000000000002e-01;2.5000000000000001e-02;0.0000000000000000e+00
48;0;1;1.7500000000000002e-01;2.5000000000000001e-02;0.0000000000000000e+00
49;0;1;2.0000000000000001e-01;2.5000000000000001e-02;0.0000000000000000e+00
50;0;1;2.2500000000000001e-01;2.5000000000000001e-02;0.0000000000000000e+00
51;0;1;2.5000000000000000e-01;2.5000000000000001e-02;0.0000000000000000e+00
52;0;1;2.7500000000000002e-01;2.5000000000000001e-02;0.0000000000000000e+00
53;0;1;3.0000000000000004e-01;2.5000000000000001e-02;0.0000000000000000e+00
54;0;1;3.2500000000000001e-01;2.5000000000000001e-02;0.0000000000000000e+00
55;0;1;3.5000000000000003e-01;2.5000000000000001e-02;0.0000000000000000e+00
56;0;1;3.7500000000000000e-01;2.5000000000000001e-02;0.0000000000000000e+00
57;0;1;4.0000000000000002e-01;2.5000000000000001e-02;0.0000000000000000e+00
58;0;1;4.2500000000000004e-01;2.5000000000000001e-02;0.0000000000000000e+00
59;0;1;4.5000000000000001e-01;2.5000000000000001e-02;0.0000000000000000e+00
60;0;1;4.7500000000000003e-01;2.5000000000000001e-02;0.0000000000000000e+00
61;0;1;5.0000000000000000e-01;2.5000000000000001e-02;0.0000000000000000e+00
62;0;1;5.2500000000000002e-01;2.5000000000000001e-02;0.0000000000000000e+00
63;0;1;5.5000000000000004e-01;2.5000000000000001e-02;0.0000000000000000e+00
64;0;1;5.7500000000000007e-01;2.5000000000000001e-02;0.0000000000000000e+00
65;0;1;6.0000000000000009e-01;2.5000000000000001e-02;0.0000000000000000e+00
66;0;1;6.2500000000000000e-01;2.5000000000000001e-02;0.0000000000000000e+00
67;0;1;6.5000000000000002e-01;2.5000000000000001e-02;0.0000000000000000e+00
68;0;1;6.7500000000000004e-01;2.5000000000000001e-02;0.0000000000000000e+00
69;0;1;7.0000000000000007e-01;2.5000000000000001e-02;0.0000000000000000e+00
70;0;1;7.2500000000000009e-01;2.5000000000000001e-02;0.0000000000000000e+00
71;0;1;7.5000000000000000e-01;2.5000000000000001e-02;0.0000000000000000e+00
72;0;1;7.7500000000000002e-01;2.5000000000000001e-02;0.0000000000000000e+00
73;0;1;8.0000000000000004e-01;2.5000000000000001e-02;0.0000000000000000e+00
74;0;1;8.2500000000000007e-01;2.5000000000000001e-02;0.0000000000000000e+00
75;0;1;8.5000000000000009e-01;2.5000000000000001e-02;0.0000000000000000e+00
76;0;1;8.7500000000000000e-01;2.5000000000000001e-02;0.0000000000000000e+00
77;0;1;9.0000000000000002e-01;2.5000000000000001e-02;0.0000000000000000e+00
78;0;1;9.2500000000000004e-01;2.5000000000000001e-02;0.0000000000000000e+00
79;0;1;9.5000000000000007e-01;2.5000000000000001e-02;0.0000000000000000e+00
80;0;1;9.7500000000000009e-01;2.5000000000000001e-02;0.0000000000000000e+00
81;6;1;1.0000000000000000e+00;2.5000000000000001e-02;0.0000000000000000e+00
82;8;1;0.0000000000000000e+00;5.0000000000000003e-02;0.0000000000000000e+00
83;0;1;2.5000000000000001e-02;5.0000000000000003e-02;0.0000000000000000e+00
84;0;1;5.0000000000000003e-02;5.0000000000000003e-02;0.0000000000000000e+00
85;0;1;7.5000000000000011e-02;5.0000000000000003e-02;0.0000000000000000e+00
86;0;1;1.0000000000000001e-01;5.0000000000000003e-02;0.0000000000000000e+00
87;0;1;1.2500000000000000e-01;5.0000000000000003e-02;0.0000000000000000e+00
88;0;1;1.5000000000000002e-01;5.0000000000000003e-02;0.0000000000000000e+00
89;0;1;1.7500000000000002e-01;5.0000000000000003e-02;0.0000000000000000e+00
90;0;1;2.0000000000000001e-01;5.0000000000000003e-02;0.0000000000000000e+00
91;0;1;2.2500000000000001e-01;5.0000000000000003e-02;0.0000000000000000e+00
92;0;1;2.5000000000000000e-01;5.0000000000000003e-02;0.0000000000000000e+00
93;0;1;2.7500000000000002e-01;5.0000000000000003e-02;0.0000000000000000e+00
94;0;1;3.0000000000000004e-01;5.0000000000000003e-02;0.0000000000000000e+00
95;0;1;3.2500000000000001e-01;5.0000000000000003e-02;0.0000000000000000e+00
96;0;1;3.5000000000000003e-01;5.0000000000000003e-02;0.0000000000000000e+00
97;0;1;3.7500000000000000e-01;5.0000000000000003e-02;0.0000000000000000e+00
98;0;1;4.0000000000000002e-01;5.0000000000000003e-02;0.0000000000000000e+00
99;0;1;4.2500000000000004e-01;5.0000000000000003e-02;0.0000000000000000e+00
100;0;1;4.5000000000000001e-01;5.0000000000000003e-02;0.0000000000000000e+00
101;0;1;4.7500000000000003e-01;5.0000000000000003e-02;0.0000000000000000e+00
102;0;1;5.0000000000000000e-01;5.0000000000000003e-02;0.0000000000000000e+00
103;0;1;5.2500000000000002e-01;5.0000000000000003e-02;0.0000000000000000e+00
104;0;1;5.5000000000000004e-01;5.0000000000000003e-02;0.0000000000000000e+00
105;0;1;5.7500000000000007e-01;5.0000000000000003e-02;0.0000000000000000e+00
106;0;1;6.0000000000000009e-01;5.0000000000000003e-02;0.0000000000000000e+00
107;0;1;6.2500000000000000e-01;5.0000000000000003e-02;0.0000000000000000e+00
108;0;1;6.5000000000000002e-01;5.0000000000000003e-02;0.0000000000000000e+00
109;0;1;6.7500000000000004e-01;5.0000000000000003e-02;0.0000000000000000e+00
110;0;1;7.0000000000000007e-01;5.0000000000000003e-02;0.0000000000000000e+00
111;0;1;7.2500000000000009e-01;5.0000000000000003e-02;0.0000000000000000e+00
112;0;1;7.5000000000000000e-01;5.0000000000000003e-02;0.0000000000000000e+00
113;0;1;7.7500000000000002e-01;5.0000000000000003e-02;0.0000000000000000e+00
114;0;1;8.0000000000000004e-01;5.0000000000000003e-02;0.0000000000000000e+00
115;0;1;8.2500000000000007e-01;5.0000000000000003e-02;0.0000000000000000e+00
116;0;1;8.5000000000000009e-01;5.0000000000000003e-02;0.0000000000000000e+00
117;0;1;8.7500000000000000e-01;5.0000000000000003e-02;0.0000000000000000e+00
118;0;1;9.0000000000000002e-01;5.0000000000000003e-02;0.0000000000000000e+00
119;0;1;9.2500000000000004e-01;5.0000000000000003e-02;0.0000000000000000e+00
120;0;1;9.5000000000000007e-01;5.0000000000000003e-02;0.0000000000000000e+00
121;0;1;9.7500000000000009e-01;5.0000000000000003e-02;0.0000000000000000e+00
122;6;1;1.0000000000000000e+00;5.0000000000000003e-02;0.0000000000000000e+00
123;8;1;0.0000000000000000e+00;7.5000000000000011e-02;0.0000000000000000e+00
124;0;1;2.5000000000000001e-02;7.5000000000000011e-02;0.0000000000000000e+00
125;0;1;5.0000000000000003e-02;7.5000000000000011e-02;0.0000000000000000e+00
126;0;1;7.5000000000000011e-02;7.5000000000000011e-02;0.0000000000000000e+00
127;0;1;1.0000000000000001e-01;7.5000000000000011e-02;0.0000000000000000e+00
128;0;1;1.2500000000000000e-01;7.5000000000000011e-02;0.0000000000000000e+00
129;0;1;1.5000000000000002e-01;7.5000000000000011e-02;0.0000000000000000e+00
130;0;1;1.7500000000000002e-01;7.5000000000000011e-02;0.0000000000000000e+00
131;0;1;2.0000000000000001e-01;7.5000000000000011e-02;0.0000000000000000e+00
132;0;1;2.2500000000000001e-01;7.5000000000000011e-02;0.0000000000000000e+00
133;0;1;2.5000000000000000e-01;7.5000000000000011e-02;0.0000000000000000e+00
134;0;1;2.7500000000000002e-01;7.5000000000000011e-02;0.0000000000000000e+00
135;0;1;3.0000000000000004e-01;7.5000000000000011e-02;0.0000000000000000e+00
136;0;1;3.2500000000000001e-01;7.5000000000000011e-02;0.0000000000000000e+00
137;0;1;3.5000000000000003e-01;7.5000000000000011e-02;0.0000000000000000e+00
138;0;1;3.7500000000000000e-01;7.5000000000000011e-02;0.0000000000000000e+00
139;0;1;4.0000000000000002e-01;7.5000000000000011e-02;0.0000000000000000e+00
140;0;1;4.2500000000000004e-01;7.5000000000000011e-02;0.0000000000000000e+00
141;0;1;4.5000000000000001e-01;7.5000000000000011e-02;0.0000000000000000e+00
142;0;1;4.7500000000000003e-01;7.5000000000000011e-02;0.0000000000000000e+00
143;0;1;5.0000000000000000e-01;7.5000000000000011e-02;0.0000000000000000e+00
144;0;1;5.2500000000000002e-01;7.5000000000000011e-02;0.0000000000000000e+00
145;0;1;5.5000000000000004e-01;7.5000000000000011e-02;0.0000000000000000e+00
146;0;1;5.7500000000000007e-01;7.5000000000000011e-02;0.0000000000000000e+00
147;0;1;6.0000000000000009e-01;7.5000000000000011e-02;0.0000000000000000e+00
148;0;1;6.2500000000000000e-01;7.5000000000000011e-02;0.0000000000000000e+00
149;0;1;6.5000000000000002e-01;7.5000000000000011e-02;0.0000000000000000e+00
150;0;1;6.7500000000000004e-01;7.5000000000000011e-02;0.0000000000000000e+00
151;0;1;7.0000000000000007e-01;7.5000000000000011e-02;0.0000000000000000e+00
152;0;1;7.2500000000000009e-01;7.5000000000000011e-02;0.0000000000000000e+00
153;0;1;7.5000000000000000e-01;7.5000000000000011e-02;0.0000000000000000e+00
154;0;1;7.7500000000000002e-01;7.5000000000000011e-02;0.0000000000000000e+00
155;0;1;8.0000000000000004e-01;7.5000000000000011e-02;0.0000000000000000e+00
156;0;1;8.2500000000000007e-01;7.5000000000000011e-02;0.0000000000000000e+00
157;0;1;8.5000000000000009e-01;7.5000000000000011e-02;0.0000000000000000e+00
158;0;1;8.7500000000000000e-01;7.5000000000000011e-02;0.0000000000000000e+00
159;0;1;9.0000000000000002e-01;7.5000000000000011e-02;0.0000000000000000e+00
160;0;1;9.2500000000000004e-01;7.5000000000000011e-02;0.0000000000000000e+00
161;0;1;9.5000000000000007e-01;7.5000000000000011e-02;0.0000000000000000e+00
162;0;1;9.7500000000000009e-01;7.5000000000000011e-02;0.0000000000000000e+00
163;6;1;1.0000000000000000e+00;7.5000000000000011e-02;0.0000000000000000e+00
164;8;1;0.0000000000000000e+00;1.0000000000000001e-01;0.0000000000000000e+00
165;0;1;2.5000000000000001e-02;1.0000000000000001e-01;0.0000000000000000e+00
166;0;1;5.0000000000000003e-02;1.0000000000000001e-01;0.0000000000000000e+00
167;0;1;7.5000000000000011e-02;1.0000000000000001e-01;0.0000000000000000e+00
168;0;1;1.0000000000000001e-01;1.0000000000000001e-01;0.0000000000000000e+00
169;0;1;1.2500000000000000e-01;1.0000000000000001e-01;0.0000000000000000e+00
170;0;1;1.5000000000000002e-01;1.0000000000000001e-01;0.0000000000000000e+00
171;0;1;1.7500000000000002e-01;1.0000000000000001e-01;0.0000000000000000e+00
172;0;1;2.0000000000000001e-01;1.0000000000000001e-01;0.0000000000000000e+00
173;0;1;2.2500000000000001e-01;1.0000000000000001e-01;0.0000000000000000e+00
174;0;1;2.5000000000000000e-01;1.0000000000000001e-01;0.0000000000000000e+00
175;0;1;2.7500000000000002e-01;1.0000000000000001e-01;0.0000000000000000e+00
176;0;1;3.0000000000000004e-01;1.0000000000000001e-01;0.0000000000000000e+00
177;0;1;3.2500000000000001e-01;1.0000000000000001e-01;0.0000000000000000e+00
178;0;1;3.5000000000000003e-01;1.0000000000000001e-01;0.0000000000000000e+00
179;0;1;3.7500000000000000e-01;1.0000000000000001e-01;0.0000000000000000e+00
180;0;1;4.0000000000000002e-01;1.0000000000000001e-01;0.0000000000000000e+00
181;0;1;4.2500000000000004e-01;1.0000000000000001e-01;0.0000000000000000e+00
182;0;1;4.5000000000000001e-01;1.0000000000000001e-01;0.0000000000000000e+00
183;0;1;4.7500000000000003e-01;1.0000000000000001e-01;0.0000000000000000e+00
184;0;1;5.0000000000000000e-01;1.0000000000000001e-01;0.0000000000000000e+00
185;0;1;5.2500000000000002e-01;1.0000000000000001e-01;0.0000000000000000e+00
186;0;1;5.5000000000000004e-01;1.0000000000000001e-01;0.0000000000000000e+00
187;0;1;5.7500000000000007e-01;1.0000000000000001e-01;0.0000000000000000e+00
188;0;1;6.0000000000000009e-01;1.0000000000000001e-01;0.0000000000000000e+00
189;0;1;6.2500000000000000e-01;1.0000000000000001e-01;0.0000000000000000e+00
190;0;1;6.5000000000000002e-01;1.0000000000000001e-01;0.0000000000000000e+00
191;0;1;6.7500000000000004e-01;1.0000000000000001e-01;0.0000000000000000e+00
192;0;1;7.0000000000000007e-01;1.0000000000000001e-01;0.0000000000000000e+00
193;0;1;7.2500000000000009e-01;1.0000000000000001e-01;0.0000000000000000e+00
194;0;1;7.5000000000000000e-01;1.0000000000000001e-01;0.0000000000000000e+00
195;0;1;7.7500000000000002e-01;1.0000000000000001e-01;0.0000000000000000e+00
196;0;1;8.0000000000000004e-01;1.0000000000000001e-01;0.0000000000000000e+00
197;0;1;8.2500000000000007e-01;1.0000000000000001e-01;0.0000000000000000e+00
198;0;1;8.5000000000000009e-01;1.0000000000000001e-01;0.0000000000000000e+00
199;0;1;8.7500000000000000e-01;1.0000000000000001e-01;0.0000000000000000e+00
200;0;1;9.0000000000000002e-01;1.0000000000000001e-01;0.0000000000000000e+00
201;0;1;9.2500000000000004e-01;1.0000000000000001e-01;0.0000000000000000e+00
202;0;1;9.5000000000000007e-01;1.0000000000000001e-01;0.0000000000000000e+00
203;0;1;9.7500000000000009e-01;1.0000000000000001e-01;0.0000000000000000e+00
204;6;1;1.0000000000000000e+00;1.0000000000000001e-01;0.0000000000000000e+00
205;8;1;0.0000000000000000e+00;1.2500000000000000e-01;0.0000000000000000e+00
206;0;1;2.5000000000000001e-02;1.2500000000000000e-01;0.0000000000000000e+00
207;0;1;5.0000000000000003e-02;1.2500000000000000e-01;0.0000000000000000e+00
208;0;1;7.5000000000000011e-02;1.2500000000000000e-01;0.0000000000000000e+00
209;0;1;1.0000000000000001e-01;1.2500000000000000e-01;0.0000000000000000e+00
210;0;1;1.2500000000000000e-01;1.2500000000000000e-01;0.0000000000000000e+00
211;0;1;1.5000000000000002e-01;1.2500000000000000e-01;0.0000000000000000e+00
212;0;1;1.7500000000000002e-01;1.2500000000000000e-01;0.0000000000000000e+00
213;0;1;2.0000000000000001e-01;1.2500000000000000e-01;0.0000000000000000e+00
214;0;1;2.2500000000000001e-01;1.2500000000000000e-01;0.0000000000000000e+00
215;0;1;2.5000000000000000e-01;1.2500000000000000e-01;0.0000000000000000e+00
216;0;1;2.7500000000000002e-01;1.2500000000000000e-01;0.0000000000000000e+00
217;0;1;3.0000000000000004e-01;1.2500000000000000e-01;0.0000000000000000e+00
218;0;1;3.2500000000000001e-01;1.2500000000000000e-01;0.0000000000000000e+00
219;0;1;3.5000000000000003e-01;1.2500000000000000e-01;0.0000000000000000e+00
220;0;1;3.7500000000000000e-01;1.2500000000000000e-01;0.0000000000000000e+00
221;0;1;4.0000000000000002e-01;1.2500000000000000e-01;0.0000000000000000e+00
222;0;1;4.2500000000000004e-01;1.2500000000000000e-01;0.0000000000000000e+00
223;0;1;4.5000000000000001e-01;1.2500000000000000e-01;0.0000000000000000e+00
224;0;1;4.7500000000000003e-01;1.2500000000000000e-01;0.0000000000000000e+00
225;0;1;5.0000000000000000e-01;1.2500000000000000e-01;0.0000000000000000e+00
226;0;1;5.2500000000000002e-01;1.2500000000000000e-01;0.0000000000000000e+00
227;0;1;5.5000000000000004e-01;1.2500000000000000e-01;0.0000000000000000e+00
228;0;1;5.7500000000000007e-01;1.2500000000000000e-01;0.0000000000000000e+00
229;0;1;6.0000000000000009e-01;1.2500000000000000e-01;0.0000000000000000e+00
230;0;1;6.2500000000000000e-01;1.2500000000000000e-01;0.0000000000000000e+00
231;0;1;6.5000000000000002e-01;1.2500000000000000e-01;0.0000000000000000e+00
232;0;1;6.7500000000000004e-01;1.2500000000000000e-01;0.0000000000000000e+00
233;0;1;7.0000000000000007e-01;1.2500000000000000e-01;0.0000000000000000e+00
234;0;1;7.2500000000000009e-01;1.2500000000000000e-01;0.0000000000000000e+00
235;0;1;7.5000000000000000e-01;1.2500000000000000e-01;0.0000000000000000e+00
236;0;1;7.7500000000000002e-01;1.2500000000000000e-01;0.0000000000000000e+00
237;0;1;8.0000000000000004e-01;1.2500000000000000e-01;0.0000000000000000e+00
238;0;1;8.2500000000000007e-01;1.2500000000000000e-01;0.0000000000000000e+00
239;0;1;8.5000000000000009e-01;1.2500000000000000e-01;0.0000000000000000e+00
240;0;1;8.7500000000000000e-01;1.2500000000000000e-01;0.0000000000000000e+00
241;0;1;9.0000000000000002e-01;1.2500000000000000e-01;0.0000000000000000e+00
242;0;1;9.2500000000000004e-01;1.2500000000000000e-01;0.0000000000000000e+00
243;0;1;9.5000000000000007e-01;1.2500000000000000e-01;0.0000000000000000e+00
244;0;1;9.7500000000000009e-01;1.2500000000000000e-01;0.0000000000000000e+00
245;6;1;1.0000000000000000e+00;1.2500000000000000e-01;0.0000000000000000e+00
246;8;1;0.0000000000000000e+00;1.5000000000000002e-01;0.0000000000000000e+00
247;0;1;2.5000000000000001e-02;1.5000000000000002e-01;0.0000000000000000e+00
248;0;1;5.0000000000000003e-02;1.5000000000000002e-01;0.0000000000000000e+00
249;0;1;7.5000000000000011e-02;1.5000000000000002e-01;0.0000000000000000e+00
250;0;1;1.0000000000000001e-01;1.5000000000000002e-01;0.0000000000000000e+00
251;0;1;1.2500000000000000e-01;1.5000000000000002e-01;0.0000000000000000e+00
252;0;1;1.5000000000000002e-01;1.5000000000000002e-01;0.0000000000000000e+00
253;0;1;1.7500000000000002e-01;1.5000000000000002e-01;0.0000000000000000e+00
254;0;1;2.0000000000000001e-01;1.5000000000000002e-01;0.0000000000000000e+00
255;0;1;2.2500000000000001e-01;1.5000000000000002e-01;0.0000000000000000e+00
256;0;1;2.5000000000000000e-01;1.5000000000000002e-01;0.0000000000000000e+00
257;0;1;2.7500000000000002e-01;1.5000000000000002e-01;0.0000000000000000e+00
258;0;1;3.0000000000000004e-01;1.5000000000000002e-01;0.0000000000000000e+00
259;0;1;3.2500000000000001e-01;1.5000000000000002e-01;0.0000000000000000e+00
260;0;1;3.5000000000000003e-01;1.5000000000000002e-01;0.0000000000000000e+00
261;0;1;3.7500000000000000e-01;1.5000000000000002e-01;0.0000000000000000e+00
262;0;1;4.0000000000000002e-01;1.5000000000000002e-01;0.0000000000000000e+00
263;0;1;4.2500000000000004e-01;1.5000000000000002e-01;0.0000000000000000e+00
264;0;1;4.5000000000000001e-01;1.5000000000000002e-01;0.0000000000000000e+00
265;0;1;4.7500000000000003e-01;1.5000000000000002e-01;0.0000000000000000e+00
266;0;1;5.0000000000000000e-01;1.5000000000000002e-01;0.0000000000000000e+00
267;0;1;5.2500000000000002e-01;1.5000000000000002e-01;0.0000000000000000e+00
268;0;1;5.5000000000000004e-01;1.5000000000000002e-01;0.0000000000000000e+00
269;0;1;5.7500000000000007e-01;1.5000000000000002e-01;0.0000000000000000e+00
270;0;1;6.0000000000000009e-01;1.5000000000000002e-01;0.0000000000000000e+00
271;0;1;6.2500000000000000e-01;1.5000000000000002e-01;0.0000000000000000e+00
272;0;1;6.5000000000000002e-01;1.5000000000000002e-01;0.0000000000000000e+00
273;0;1;6.7500000000000004e-01;1.5000000000000002e-01;0.0000000000000000e+00
274;0;1;7.0000000000000007e-01;1.5000000000000002e-01;0.0000000000000000e+00
275;0;1;7.2500000000000009e-01;1.5000000000000002e-01;0.0000000000000000e+00
276;0;1;7.5000000000000000e-01;1.5000000000000002e-01;0.0000000000000000e+00
277;0;1;7.7500000000000002e-01;1.5000000000000002e-01;0.0000000000000000e+00
278;0;1;8.0000000000000004e-01;1.5000000000000002e-01;0.0000000000000000e+00
279;0;1;8.2500000000000007e-01;1.5000000000000002e-01;0.0000000000000000e+00
280;0;1;8.5000000000000009e-01;1.5000000000000002e-01;0.0000000000000000e+00
281;0;1;8.7500000000000000e-01;1.5000000000000002e-01;0.0000000000000000e+00
282;0;1;9.0000000000000002e-01;1.5000000000000002e-01;0.0000000000000000e+00
283;0;1;9.2500000000000004e-01;1.5000000000000002e-01;0.0000000000000000e+00
284;0;1;9.5000000000000007e-01;1.5000000000000002e-01;0.0000000000000000e+00
285;0;1;9.7500000000000009e-01;1.5000000000000002e-01;0.0000000000000000e+00
286;6;1;1.0000000000000000e+00;1.5000000000000002e-01;0.0000000000000000e+00
287;8;1;0.0000000000000000e+00;1.7500000000000002e-01;0.0000000000000000e+00
288;0;1;2.5000000000000001e-02;1.7500000000000002e-01;0.0000000000000000e+00
289;0;1;5.0000000000000003e-02;1.7500000000000002e-01;0.0000000000000000e+00
290;0;1;7.5000000000000011e-02;1.7500000000000002e-01;0.0000000000000000e+00
291;0;1;1.0000000000000001e-01;1.7500000000000002e-01;0.0000000000000000e+00
292;0;1;1.2500000000000000e-01;1.7500000000000002e-01;0.0000000000000000e+00
293;0;1;1.5000000000000002e-01;1.7500000000000002e-01;0.0000000000000000e+00
294;0;1;1.7500000000000002e-01;1.7500000000000002e-01;0.0000000000000000e+00
295;0;1;2.0000000000000001e-01;1.7500000000000002e-01;0.0000000000000000e+00
296;0;1;2.2500000000000001e-01;1.7500000000000002e-01;0.0000000000000000e+00
297;0;1;2.5000000000000000e-01;1.7500000000000002e-01;0.0000000000000000e+00
298;0;1;2.7500000000000002e-01;1.7500000000000002e-01;0.0000000000000000e+00
299;0;1;3.0000000000000004e-01;1.7500000000000002e-01;0.0000000000000000e+00
300;0;1;3.2500000000000001e-01;1.7500000000000002e-01;0.0000000000000000e+00
301;0;1;3.5000000000000003e-01;1.7500000000000002e-01;0.0000000000000000e+00
302;0;1;3.7500000000000000e-01;1.7500000000000002e-01;0.0000000000000000e+00
303;0;1;4.0000000000000002e-01;1.7500000000000002e-01;0.0000000000000000e+00
304;0;1;4.2500000000000004e-01;1.7500000000000002e-01;0.0000000000000000e+00
305;0;1;4.5000000000000001e-01;1.7500000000000002e-01;0.0000000000000000e+00
306;0;1;4.7500000000000003e-01;1.7500000000000002e-01;0.0000000000000000e+00
307;0;1;5.0000000000000000e-01;1.7500000000000002e-01;0.0000000000000000e+00
308;0;1;5.2500000000000002e-01;1.7500000000000002e-01;0.0000000000000000e+00
309;0;1;5.5000000000000004e-01;1.7500000000000002e-01;0.0000000000000000e+00
310;0;1;5.7500000000000007e-01;1.7500000000000002e-01;0.0000000000000000e+00
311;0;1;6.0000000000000009e-01;1.7500000000000002e-01;0.0000000000000000e+00
312;0;1;6.2500000000000000e-01;1.7500000000000002e-01;0.0000000000000000e+00
313;0;1;6.5000000000000002e-01;1.7500000000000002e-01;0.0000000000000000e+00
314;0;1;6.7500000000000004e-01;1.7500000000000002e-01;0.0000000000000000e+00
315;0;1;7.0000000000000007e-01;1.7500000000000002e-01;0.0000000000000000e+00
316;0;1;7.2500000000000009e-01;1.7500000000000002e-01;0.0000000000000000e+00
317;0;1;7.5000000000000000e-01;1.7500000000000002e-01;0.0000000000000000e+00
318;0;1;7.7500000000000002e-01;1.7500000000000002e-01;0.0000000000000000e+00
319;0;1;8.0000000000000004e-01;1.7500000000000002e-01;0.0000000000000000e+00
320;0;1;8.2500000000000007e-01;1.7500000000000002e-01;0.0000000000000000e+00
321;0;1;8.5000000000000009e-01;1.7500000000000002e-01;0.0000000000000000e+00
322;0;1;8.7500000000000000e-01;1.7500000000000002e-01;0.0000000000000000e+00
323;0;1;9.0000000000000002e-01;1.7500000000000002e-01;0.0000000000000000e+00
324;0;1;9.2500000000000004e-01;1.7500000000000002e-01;0.0000000000000000e+00
325;0;1;9.5000000000000007e-01;1.7500000000000002e-01;0.0000000000000000e+00
326;0;1;9.7500000000000009e-01;1.7500000000000002e-01;0.0000000000000000e+00
327;6;1;1.0000000000000000e+00;1.7500000000000002e-01;0.0000000000000000e+00
328;8;1;0.0000000000000000e+00;2.0000000000000001e-01;0.0000000000000000e+00
329;0;1;2.5000000000000001e-02;2.0000000000000001e-01;0.0000000000000000e+00
330;0;1;5.0000000000000003e-02;2.0000000000000001e-01;0.0000000000000000e+00
331;0;1;7.5000000000000011e-02;2.0000000000000001e-01;0.0000000000000000e+00
332;0;1;1.0000000000000001e-01;2.0000000000000001e-01;0.0000000000000000e+00
333;0;1;1.2500000000000000e-01;2.0000000000000001e-01;0.0000000000000000e+00
334;0;1;1.5000000000000002e-01;2.0000000000000001e-01;0.0000000000000000e+00
335;0;1;1.7500000000000002e-01;2.0000000000000001e-01;0.0000000000000000e+00
336;0;1;2.0000000000000001e-01;2.0000000000000001e-01;0.0000000000000000e+00
337;0;1;2.2500000000000001e-01;2.0000000000000001e-01;0.0000000000000000e+00
338;0;1;2.5000000000000000e-01;2.0000000000000001e-01;0.0000000000000000e+00
339;0;1;2.7500000000000002e-01;2.0000000000000001e-01;0.0000000000000000e+00
340;0;1;3.0000000000000004e-01;2.0000000000000001e-01;0.0000000000000000e+00
341;0;1;3.2500000000000001e-01;2.0000000000000001e-01;0.0000000000000000e+00
342;0;1;3.5000000000000003e-01;2.0000000000000001e-01;0.0000000000000000e+00
343;0;1;3.7500000000000000e-01;2.0000000000000001e-01;0.0000000000000000e+00
344;0;1;4.0000000000000002e-01;2.0000000000000001e-01;0.0000000000000000e+00
345;0;1;4.2500000000000004e-01;2.0000000000000001e-01;0.0000000000000000e+00
346;0;1;4.5000000000000001e-01;2.0000000000000001e-01;0.0000000000000000e+00
347;0;1;4.7500000000000003e-01;2.0000000000000001e-01;0.0000000000000000e+00
348;0;1;5.0000000000000000e-01;2.0000000000000001e-01;0.0000000000000000e+00
349;0;1;5.2500000000000002e-01;2.0000000000000001e-01;0.0000000000000000e+00
350;0;1;5.5000000000000004e-01;2.0000000000000001e-01;0.0000000000000000e+00
351;0;1;5.7500000000000007e-01;2.0000000000000001e-01;0.0000000000000000e+00
352;0;1;6.0000000000000009e-01;2.0000000000000001e-01;0.0000000000000000e+00
353;0;1;6.2500000000000000e-01;2.0000000000000001e-01;0.0000000000000000e+00
354;0;1;6.5000000000000002e-01;2.0000000000000001e-01;0.0000000000000000e+00
355;0;1;6.7500000000000004e-01;2.0000000000000001e-01;0.0000000000000000e+00
356;0;1;7.0000000000000007e-01;2.0000000000000001e-01;0.0000000000000000e+00
357;0;1;7.2500000000000009e-01;2.0000000000000001e-01;0.0000000000000000e+00
358;0;1;7.5000000000000000e-01;2.0000000000000001e-01;0.0000000000000000e+00
359;0;1;7.7500000000000002e-01;2.0000000000000001e-01;0.0000000000000000e+00
360;0;1;8.0000000000000004e-01;2.0000000000000001e-01;0.0000000000000000e+00
361;0;1;8.2500000000000007e-01;2.0000000000000001e-01;0.0000000000000000e+00
362;0;1;8.5000000000000009e-01;2.0000000000000001e-01;0.0000000000000000e+00
363;0;1;8.7500000000000000e-01;2.0000000000000001e-01;0.0000000000000000e+00
364;0;1;9.0000000000000002e-01;2.0000000000000001e-01;0.0000000000000000e+00
365;0;1;9.2500000000000004e-01;2.0000000000000001e-01;0.0000000000000000e+00
366;0;1;9.5000000000000007e-01;2.0000000000000001e-01;0.0000000000000000e+00
367;0;1;9.7500000000000009e-01;2.0000000000000001e-01;0.0000000000000000e+00
368;6;1;1.0000000000000000e+00;2.0000000000000001e-01;0.0000000000000000e+00
369;8;1;0.0000000000000000e+00;2.2500000000000001e-01;0.0000000000000000e+00
370;0;1;2.5000000000000001e-02;2.2500000000000001e-01;0.0000000000000000e+00
371;0;1;5.0000000000000003e-02;2.2500000000000001e-01;0.0000000000000000e+00
372;0;1;7.5000000000000011e-02;2.2500000000000001e-01;0.0000000000000000e+00
373;0;1;1.0000000000000001e-01;2.2500000000000001e-01;0.0000000000000000e+00
374;0;1;1.2500000000000000e-01;2.2500000000000001e-01;0.0000000000000000e+00
375;0;1;1.5000000000000002e-01;2.2500000000000001e-01;0.0000000000000000e+00
376;0;1;1.7500000000000002e-01;2.2500000000000001e-01;0.0000000000000000e+00
377;0;1;2.0000000000000001e-01;2.2500000000000001e-01;0.0000000000000000e+00
378;0;1;2.2500000000000001e-01;2.2500000000000001e-01;0.0000000000000000e+00
379;0;1;2.5000000000000000e-01;2.2500000000000001e-01;0.0000000000000000e+00
380;0;1;2.7500000000000002e-01;2.2500000000000001e-01;0.0000000000000000e+00
381;0;1;3.0000000000000004e-01;2.2500000000000001e-01;0.0000000000000000e+00
382;0;1;3.2500000000000001e-01;2.2500000000000001e-01;0.0000000000000000e+00
383;0;1;3.5000000000000003e-01;2.2500000000000001e-01;0.0000000000000000e+00
384;0;1;3.7500000000000000e-01;2.2500000000000001e-01;0.0000000000000000e+00
385;0;1;4.0000000000000002e-01;2.2500000000000001e-01;0.0000000000000000e+00
386;0;1;4.2500000000000004e-01;2.2500000000000001e-01;0.0000000000000000e+00
387;0;1;4.5000000000000001e-01;2.2500000000000001e-01;0.0000000000000000e+00
388;0;1;4.7500000000000003e-01;2.2500000000000001e-01;0.0000000000000000e+00
389;0;1;5.0000000000000000e-01;2.2500000000000001e-01;0.0000000000000000e+00
390;0;1;5.2500000000000002e-01;2.2500000000000001e-01;0.0000000000000000e+00
391;0;1;5.5000000000000004e-01;2.2500000000000001e-01;0.0000000000000000e+00
392;0;1;5.7500000000000007e-01;2.2500000000000001e-01;0.0000000000000000e+00
393;0;1;6.0000000000000009e-01;2.2500000000000001e-01;0.0000000000000000e+00
394;0;1;6.2500000000000000e-01;2.2500000000000001e-01;0.0000000000000000e+00
395;0;1;6.5000000000000002e-01;2.2500000000000001e-01;0.0000000000000000e+00
396;0;1;6.7500000000000004e-01;2.2500000000000001e-01;0.0000000000000000e+00
397;0;1;7.0000000000000007e-01;2.2500000000000001e-01;0.0000000000000000e+00
398;0;1;7.2500000000000009e-01;2.2500000000000001e-01;0.0000000000000000e+00
399;0;1;7.5000000000000000e-01;2.2500000000000001e-01;0.0000000000000000e+00
400;0;1;7.7500000000000002e-01;2.2500000000000001e-01;0.0000000000000000e+00
401;0;1;8.0000000000000004e-01;2.2500000000000001e-01;0.0000000000000000e+00
402;0;1;8.2500000000000007e-01;2.2500000000000001e-01;0.0000000000000000e+00
403;0;1;8.5000000000000009e-01;2.2500000000000001e-01;0.0000000000000000e+00
404;0;1;8.7500000000000000e-01;2.2500000000000001e-01;0.0000000000000000e+00
405;0;1;9.0000000000000002e-01;2.2500000000000001e-01;0.0000000000000000e+00
406;0;1;9.2500000000000004e-01;2.2500000000000001e-01;0.0000000000000000e+00
407;0;1;9.5000000000000007e-01;2.2500000000000001e-01;0.0000000000000000e+00
408;0;1;9.7500000000000009e-01;2.2500000000000001e-01;0.0000000000000000e+00
409;6;1;1.0000000000000000e+00;2.2500000000000001e-01;0.0000000000000000e+00
410;8;1;0.0000000000000000e+00;2.5000000000000000e-01;0.0000000000000000e+00
411;0;1;2.5000000000000001e-02;2.5000000000000000e-01;0.0000000000000000e+00
412;0;1;5.0000000000000003e-02;2.5000000000000000e-01;0.0000000000000000e+00
413;0;1;7.5000000000000011e-02;2.5000000000000000e-01;0.0000000000000000e+00
414;0;1;1.0000000000000001e-01;2.5000000000000000e-01;0.0000000000000000e+00
415;0;1;1.2500000000000000e-01;2.5000000000000000e-01;0.0000000000000000e+00
416;0;1;1.5000000000000002e-01;2.5000000000000000e-01;0.0000000000000000e+00
417;0;1;1.7500000000000002e-01;2.5000000000000000e-01;0.0000000000000000e+00
418;0;1;2.0000000000000001e-01;2.5000000000000000e-01;0.0000000000000000e+00
419;0;1;2.2500000000000001e-01;2.5000000000000000e-01;0.0000000000000000e+00
420;0;1;2.5000000000000000e-01;2.5000000000000000e-01;0.0000000000000000e+00
421;0;1;2.7500000000000002e-01;2.5000000000000000e-01;0.0000000000000000e+00
422;0;1;3.0000000000000004e-01;2.5000000000000000e-01;0.0000000000000000e+00
423;0;1;3.2500000000000001e-01;2.5000000000000000e-01;0.0000000000000000e+00
424;0;1;3.5000000000000003e-01;2.5000000000000000e-01;0.0000000000000000e+00
425;0;1;3.7500000000000000e-01;2.5000000000000000e-01;0.0000000000000000e+00
426;0;1;4.0000000000000002e-01;2.5000000000000000e-01;0.0000000000000000e+00
427;0;1;4.2500000000000004e-01;2.5000000000000000e-01;0.0000000000000000e+00
428;0;1;4.5000000000000001e-01;2.5000000000000000e-01;0.0000000000000000e+00
429;0;1;4.7500000000000003e-01;2.5000000000000000e-01;0.0000000000000000e+00
430;0;1;5.0000000000000000e-01;2.5000000000000000e-01;0.0000000000000000e+00
431;0;1;5.2500000000000002e-01;2.5000000000000000e-01;0.0000000000000000e+00
432;0;1;5.5000000000000004e-01;2.5000000000000000e-01;0.0000000000000000e+00
433;0;1;5.7500000000000007e-01;2.5000000000000000e-01;0.0000000000000000e+00
434;0;1;6.0000000000000009e-01;2.5000000000000000e-01;0.0000000000000000e+00
435;0;1;6.2500000000000000e-01;2.5000000000000000e-01;0.0000000000000000e+00
436;0;1;6.5000000000000002e-01;2.5000000000000000e-01;0.0000000000000000e+00
437;0;1;6.7500000000000004e-01;2.5000000000000000e-01;0.0000000000000000e+00
438;0;1;7.0000000000000007e-01;2.5000000000000000e-01;0.0000000000000000e+00
439;0;1;7.2500000000000009e-01;2.5000000000000000e-01;0.0000000000000000e+00
440;0;1;7.5000000000000000e-01;2.5000000000000000e-01;0.0000000000000000e+00
441;0;1;7.7500000000000002e-01;2.5000000000000000e-01;0.0000000000000000e+00
442;0;1;8.0000000000000004e-01;2.5000000000000000e-01;0.0000000000000000e+00
443;0;1;8.2500000000000007e-01;2.5000000000000000e-01;0.0000000000000000e+00
444;0;1;8.5000000000000009e-01;2.5000000000000000e-01;0.0000000000000000e+00
445;0;1;8.7500000000000000e-01;2.5000000000000000e-01;0.0000000000000000e+00
446;0;1;9.0000000000000002e-01;2.5000000000000000e-01;0.0000000000000000e+00
447;0;1;9.2500000000000004e-01;2.5000000000000000e-01;0.0000000000000000e+00
448;0;1;9.5000000000000007e-01;2.5000000000000000e-01;0.0000000000000000e+00
449;0;1;9.7500000000000009e-01;2.5000000000000000e-01;0.0000000000000000e+00
450;6;1;1.0000000000000000e+00;2.5000000000000000e-01;0.0000000000000000e+00
451;8;1;0.0000000000000000e+00;2.7500000000000002e-01;0.0000000000000000e+00
452;0;1;2.5000000000000001e-02;2.7500000000000002e-01;0.0000000000000000e+00
453;0;1;5.0000000000000003e-02;2.7500000000000002e-01;0.0000000000000000e+00
454;0;1;7.5000000000000011e-02;2.7500000000000002e-01;0.0000000000000000e+00
455;0;1;1.0000000000000001e-01;2.7500000000000002e-01;0.0000000000000000e+00
456;0;1;1.2500000000000000e-01;2.7500000000000002e-01;0.0000000000000000e+00
457;0;1;1.5000000000000002e-01;2.7500000000000002e-01;0.0000000000000000e+00
458;0;1;1.7500000000000002e-01;2.7500000000000002e-01;0.0000000000000000e+00
459;0;1;2.0000000000000001e-01;2.7500000000000002e-01;0.0000000000000000e+00
460;0;1;2.2500000000000001e-01;2.7500000000000002e-01;0.0000000000000000e+00
461;0;1;2.5000000000000000e-01;2.7500000000000002e-01;0.0000000000000000e+00
462;0;1;2.7500000000000002e-01;2.7500000000000002e-01;0.0000000000000000e+00
463;0;1;3.0000000000000004e-01;2.7500000000000002e-01;0.0000000000000000e+00
464;0;1;3.2500000000000001e-01;2.7500000000000002e-01;0.0000000000000000e+00
465;0;1;3.5000000000000003e-01;2.7500000000000002e-01;0.0000000000000000e+00
466;0;1;3.7500000000000000e-01;2.7500000000000002e-01;0.0000000000000000e+00
467;0;1;4.0000000000000002e-01;2.7500000000000002e-01;0.0000000000000000e+00
468;0;1;4.2500000000000004e-01;2.7500000000000002e-01;0.0000000000000000e+00
469;0;1;4.5000000000000001e-01;2.7500000000000002e-01;0.0000000000000000e+00
470;0;1;4.7500000000000003e-01;2.7500000000000002e-01;0.0000000000000000e+00
471;0;1;5.0000000000000000e-01;2.7500000000000002e-01;0.0000000000000000e+00
472;0;1;5.2500000000000002e-01;2.7500000000000002e-01;0.0000000000000000e+00
473;0;1;5.5000000000000004e-01;2.7500000000000002e-01;0.0000000000000000e+00
474;0;1;5.7500000000000007e-01;2.7500000000000002e-01;0.0000000000000000e+00
475;0;1;6.0000000000000009e-01;2.7500000000000002e-01;0.0000000000000000e+00
476;0;1;6.2500000000000000e-01;2.7500000000000002e-01;0.0000000000000000e+00
477;0;1;6.5000000000000002e-01;2.7500000000000002e-01;0.0000000000000000e+00
478;0;1;6.7500000000000004e-01;2.7500000000000002e-01;0.0000000000000000e+00
479;0;1;7.0000000000000007e-01;2.7500000000000002e-01;0.0000000000000000e+00
480;0;1;7.2500000000000009e-01;2.7500000000000002e-01;0.0000000000000000e+00
481;0;1;7.5000000000000000e-01;2.7500000000000002e-01;0.0000000000000000e+00
482;0;1;7.7500000000000002e-01;2.7500000000000002e-01;0.0000000000000000e+00
483;0;1;8.0000000000000004e-01;2.7500000000000002e-01;0.0000000000000000e+00
484;0;1;8.2500000000000007e-01;2.7500000000000002e-01;0.0000000000000000e+00
485;0;1;8.5000000000000009e-01;2.7500000000000002e-01;0.0000000000000000e+00
486;0;1;8.7500000000000000e-01;2.7500000000000002e-01;0.0000000000000000e+00
487;0;1;9.0000000000000002e-01;2.7500000000000002e-01;0.0000000000000000e+00
488;0;1;9.2500000000000004e-01;2.7500000000000002e-01;0.0000000000000000e+00
489;0;1;9.5000000000000007e-01;2.7500000000000002e-01;0.0000000000000000e+00
490;0;1;9.7500000000000009e-01;2.7500000000000002e-01;0.0000000000000000e+00
491;6;1;1.0000000000000000e+00;2.7500000000000002e-01;0.0000000000000000e+00
492;8;1;0.0000000000000000e+00;3.0000000000000004e-01;0.0000000000000000e+00
493;0;1;2.5000000000000001e-02;3.0000000000000004e-01;0.0000000000000000e+00
494;0;1;5.0000000000000003e-02;3.0000000000000004e-01;0.0000000000000000e+00
495;0;1;7.5000000000000011e-02;3.0000000000000004e-01;0.0000000000000000e+00
496;0;1;1.0000000000000001e-01;3.0000000000000004e-01;0.0000000000000000e+00
497;0;1;1.2500000000000000e-01;3.0000000000000004e-01;0.0000000000000000e+00
498;0;1;1.5000000000000002e-01;3.0000000000000004e-01;0.0000000000000000e+00
499;0;1;1.7500000000000002e-01;3.0000000000000004e-01;0.0000000000000000e+00
500;0;1;2.0000000000000001e-01;3.0000000000000004e-01;0.0000000000000000e+00
501;0;1;2.2500000000000001e-01;3.0000000000000004e-01;0.0000000000000000e+00
502;0;1;2.5000000000000000e-01;3.0000000000000004e-01;0.0000000000000000e+00
503;0;1;2.7500000000000002e-01;3.0000000000000004e-01;0.0000000000000000e+00
504;0;1;3.0000000000000004e-01;3.0000000000000004e-01;0.0000000000000000e+00
505;0;1;3.2500000000000001e-01;3.0000000000000004e-01;0.0000000000000000e+00
506;0;1;3.5000000000000003e-01;3.0000000000000004e-01;0.0000000000000000e+00
507;0;1;3.7500000000000000e-01;3.0000000000000004e-01;0.0000000000000000e+00
508;0;1;4.0000000000000002e-01;3.0000000000000004e-01;0.0000000000000000e+00
509;0;1;4.2500000000000004e-01;3.0000000000000004e-01;0.0000000000000000e+00
510;0;1;4.5000000000000001e-01;3.0000000000000004e-01;0.0000000000000000e+00
511;0;1;4.7500000000000003e-01;3.0000000000000004e-01;0.0000000000000000e+00
512;0;1;5.0000000000000000e-01;3.0000000000000004e-01;0.0000000000000000e+00
513;0;1;5.2500000000000002e-01;3.0000000000000004e-01;0.0000000000000000e+00
514;0;1;5.5000000000000004e-01;3.0000000000000004e-01;0.0000000000000000e+00
515;0;1;5.7500000000000007e-01;3.0000000000000004e-01;0.0000000000000000e+00
516;0;1;6.0000000000000009e-01;3.0000000000000004e-01;0.0000000000000000e+00
517;0;1;6.2500000000000000e-01;3.0000000000000004e-01;0.0000000000000000e+00
518;0;1;6.5000000000000002e-01;3.0000000000000004e-01;0.0000000000000000e+00
519;0;1;6.7500000000000004e-01;3.0000000000000004e-01;0.0000000000000000e+00
520;0;1;7.0000000000000007e-01;3.0000000000000004e-01;0.0000000000000000e+00
521;0;1;7.2500000000000009e-01;3.0000000000000004e-01;0.0000000000000000e+00
522;0;1;7.5000000000000000e-01;3.0000000000000004e-01;0.0000000000000000e+00
523;0;1;7.7500000000000002e-01;3.0000000000000004e-01;0.0000000000000000e+00
524;0;1;8.0000000000000004e-01;3.0000000000000004e-01;0.0000000000000000e+00
525;0;1;8.2500000000000007e-01;3.0000000000000004e-01;0.0000000000000000e+00
526;0;1;8.5000000000000009e-01;3.0000000000000004e-01;0.0000000000000000e+00
527;0;1;8.7500000000000000e-01;3.0000000000000004e-01;0.0000000000000000e+00
528;0;1;9.0000000000000002e-01;3.0000000000000004e-01;0.0000000000000000e+00
529;0;1;9.2500000000000004e-01;3.0000000000000004e-01;0.0000000000000000e+00
530;0;1;9.5000000000000007e-01;3.0000000000000004e-01;0.0000000000000000e+00
531;0;1;9.7500000000000009e-01;3.0000000000000004e-01;0.0000000000000000e+00
532;6;1;1.0000000000000000e+00;3.0000000000000004e-01;0.0000000000000000e+00
533;8;1;0.0000000000000000e+00;3.2500000000000001e-01;0.0000000000000000e+00
534;0;1;2.5000000000000001e-02;3.2500000000000001e-01;0.0000000000000000e+00
535;0;1;5.0000000000000003e-02;3.2500000000000001e-01;0.0000000000000000e+00
536;0;1;7.5000000000000011e-02;3.2500000000000001e-01;0.0000000000000000e+00
537;0;1;1.0000000000000001e-01;3.2500000000000001e-01;0.0000000000000000e+00
538;0;1;1.2500000000000000e-01;3.2500000000000001e-01;0.0000000000000000e+00
539;0;1;1.5000000000000002e-01;3.2500000000000001e-01;0.0000000000000000e+00
540;0;1;1.7500000000000002e-01;3.2500000000000001e-01;0.0000000000000000e+00
541;0;1;2.0000000000000001e-01;3.2500000000000001e-01;0.0000000000000000e+00
542;0;1;2.2500000000000001e-01;3.2500000000000001e-01;0.0000000000000000e+00
543;0;1;2.5000000000000000e-01;3.2500000000000001e-01;0.0000000000000000e+00
544;0;1;2.7500000000000002e-01;3.2500000000000001e-01;0.0000000000000000e+00
545;0;1;3.0000000000000004e-01;3.2500000000000001e-01;0.0000000000000000e+00
546;0;1;3.2500000000000001e-01;3.2500000000000001e-01;0.0000000000000000e+00
547;0;1;3.5000000000000003e-01;3.2500000000000001e-01;0.0000000000000000e+00
548;0;1;3.7500000000000000e-01;3.2500000000000001e-01;0.0000000000000000e+00
549;0;1;4.0000000000000002e-01;3.2500000000000001e-01;0.0000000000000000e+00
550;0;1;4.2500000000000004e-01;3.2500000000000001e-01;0.0000000000000000e+00
551;0;1;4.5000000000000001e-01;3.2500000000000001e-01;0.0000000000000000e+00
552;0;1;4.7500000000000003e-01;3.2500000000000001e-01;0.0000000000000000e+00
553;0;1;5.0000000000000000e-01;3.2500000000000001e-01;0.0000000000000000e+00
554;0;1;5.2500000000000002e-01;3.2500000000000001e-01;0.0000000000000000e+00
555;0;1;5.5000000000000004e-01;3.2500000000000001e-01;0.0000000000000000e+00
556;0;1;5.7500000000000007e-01;3.2500000000000001e-01;0.0000000000000000e+00
557;0;1;6.0000000000000009e-01;3.2500000000000001e-01;0.0000000000000000e+00
558;0;1;6.2500000000000000e-01;3.2500000000000001e-01;0.0000000000000000e+00
559;0;1;6.5000000000000002e-01;3.2500000000000001e-01;0.0000000000000000e+00
560;0;1;6.7500000000000004e-01;3.2500000000000001e-01;0.0000000000000000e+00
561;0;1;7.0000000000000007e-01;3.2500000000000001e-01;0.0000000000000000e+00
562;0;1;7.2500000000000009e-01;3.2500000000000001e-01;0.0000000000000000e+00
563;0;1;7.5000000000000000e-01;3.2500000000000001e-01;0.0000000000000000e+00
564;0;1;7.7500000000000002e-01;3.2500000000000001e-01;0.0000000000000000e+00
565;0;1;8.0000000000000004e-01;3.2500000000000001e-01;0.0000000000000000e+00
566;0;1;8.2500000000000007e-01;3.2500000000000001e-01;0.0000000000000000e+00
567;0;1;8.5000000000000009e-01;3.2500000000000001e-01;0.0000000000000000e+00
568;0;1;8.7500000000000000e-01;3.2500000000000001e-01;0.0000000000000000e+00
569;0;1;9.0000000000000002e-01;3.2500000000000001e-01;0.0000000000000000e+00
570;0;1;9.2500000000000004e-01;3.2500000000000001e-01;0.0000000000000000e+00
571;0;1;9.5000000000000007e-01;3.2500000000000001e-01;0.0000000000000000e+00
572;0;1;9.7500000000000009e-01;3.2500000000000001e-01;0.0000000000000000e+00
573;6;1;1.0000000000000000e+00;3.2500000000000001e-01;0.0000000000000000e+00
574;8;1;0.0000000000000000e+00;3.5000000000000003e-01;0.0000000000000000e+00
575;0;1;2.5000000000000001e-02;3.5000000000000003e-01;0.0000000000000000e+00
576;0;1;5.0000000000000003e-02;3.5000000000000003e-01;0.0000000000000000e+00
577;0;1;7.5000000000000011e-02;3.5000000000000003e-01;0.0000000000000000e+00
578;0;1;1.0000000000000001e-01;3.5000000000000003e-01;0.0000000000000000e+00
579;0;1;1.2500000000000000e-01;3.5000000000000003e-01;0.0000000000000000e+00
580;0;1;1.5000000000000002e-01;3.5000000000000003e-01;0.0000000000000000e+00
581;0;1;1.7500000000000002e-01;3.5000000000000003e-01;0.0000000000000000e+00
582;0;1;2.0000000000000001e-01;3.5000000000000003e-01;0.0000000000000000e+00
583;0;1;2.2500000000000001e-01;3.5000000000000003e-01;0.0000000000000000e+00
584;0;1;2.5000000000000000e-01;3.5000000000000003e-01;0.0000000000000000e+00
585;0;1;2.7500000000000002e-01;3.5000000000000003e-01;0.0000000000000000e+00
586;0;1;3.0000000000000004e-01;3.5000000000000003e-01;0.0000000000000000e+00
587;0;1;3.2500000000000001e-01;3.5000000000000003e-01;0.0000000000000000e+00
588;0;1;3.5000000000000003e-01;3.5000000000000003e-01;0.0000000000000000e+00
589;0;1;3.7500000000000000e-01;3.5000000000000003e-01;0.0000000000000000e+00
590;0;1;4.0000000000000002e-01;3.5000000000000003e-01;0.0000000000000000e+00
591;0;1;4.2500000000000004e-01;3.5000000000000003e-01;0.0000000000000000e+00
592;0;1;4.5000000000000001e-01;3.5000000000000003e-01;0.0000000000000000e+00
593;0;1;4.7500000000000003e-01;3.5000000000000003e-01;0.0000000000000000e+00
594;0;1;5.0000000000000000e-01;3.5000000000000003e-01;0.0000000000000000e+00
595;0;1;5.2500000000000002e-01;3.5000000000000003e-01;0.0000000000000000e+00
596;0;1;5.5000000000000004e-01;3.5000000000000003e-01;0.0000000000000000e+00
597;0;1;5.7500000000000007e-01;3.5000000000000003e-01;0.0000000000000000e+00
598;0;1;6.0000000000000009e-01;3.5000000000000003e-01;0.0000000000000000e+00
599;0;1;6.2500000000000000e-01;3.5000000000000003e-01;0.0000000000000000e+00
600;0;1;6.5000000000000002e-01;3.5000000000000003e-01;0.0000000000000000e+00
601;0;1;6.7500000000000004e-01;3.5000000000000003e-01;0.0000000000000000e+00
602;0;1;7.0000000000000007e-01;3.5000000000000003e-01;0.0000000000000000e+00
603;0;1;7.2500000000000009e-01;3.5000000000000003e-01;0.0000000000000000e+00
604;0;1;7.5000000000000000e-01;3.5000000000000003e-01;0.0000000000000000e+00
605;0;1;7.7500000000000002e-01;3.5000000000000003e-01;0.0000000000000000e+00
606;0;1;8.0000000000000004e-01;3.5000000000000003e-01;0.0000000000000000e+00
607;0;1;8.2500000000000007e-01;3.5000000000000003e-01;0.0000000000000000e+00
608;0;1;8.5000000000000009e-01;3.5000000000000003e-01;0.0000000000000000e+00
609;0;1;8.7500000000000000e-01;3.5000000000000003e-01;0.0000000000000000e+00
610;0;1;9.0000000000000002e-01;3.5000000000000003e-01;0.0000000000000000e+00
611;0;1;9.2500000000000004e-01;3.5000000000000003e-01;0.0000000000000000e+00
612;0;1;9.5000000000000007e-01;3.5000000000000003e-01;0.0000000000000000e+00
613;0;1;9.7500000000000009e-01;3.5000000000000003e-01;0.0000000000000000e+00
614;6;1;1.0000000000000000e+00;3.5000000000000003e-01;0.0000000000000000e+00
615;8;1;0.0000000000000000e+00;3.7500000000000000e-01;0.0000000000000000e+00
616;0;1;2.5000000000000001e-02;3.7500000000000000e-01;0.0000000000000000e+00
617;0;1;5.0000000000000003e-02;3.7500000000000000e-01;0.0000000000000000e+00
618;0;1;7.5000000000000011e-02;3.7500000000000000e-01;0.0000000000000000e+00
619;0;1;1.0000000000000001e-01;3.7500000000000000e-01;0.0000000000000000e+00
620;0;1;1.2500000000000000e-01;3.7500000000000000e-01;0.0000000000000000e+00
621;0;1;1.5000000000000002e-01;3.7500000000000000e-01;0.0000000000000000e+00
622;0;1;1.7500000000000002e-01;3.7500000000000000e-01;0.0000000000000000e+00
623;0;1;2.0000000000000001e-01;3.7500000000000000e-01;0.0000000000000000e+00
624;0;1;2.2500000000000001e-01;3.7500000000000000e-01;0.0000000000000000e+00
625;0;1;2.5000000000000000e-01;3.7500000000000000e-01;0.0000000000000000e+00
626;0;1;2.7500000000000002e-01;3.7500000000000000e-01;0.0000000000000000e+00
627;0;1;3.0000000000000004e-01;3.7500000000000000e-01;0.0000000000000000e+00
628;0;1;3.2500000000000001e-01;3.7500000000000000e-01;0.0000000000000000e+00
629;0;1;3.5000000000000003e-01;3.7500000000000000e-01;0.0000000000000000e+00
630;0;1;3.7500000000000000e-01;3.7500000000000000e-01;0.0000000000000000e+00
631;0;1;4.0000000000000002e-01;3.7500000000000000e-01;0.0000000000000000e+00
632;0;1;4.2500000000000004e-01;3.7500000000000000e-01;0.0000000000000000e+00
633;0;1;4.5000000000000001e-01;3.7500000000000000e-01;0.0000000000000000e+00
634;0;1;4.7500000000000003e-01;3.7500000000000000e-01;0.0000000000000000e+00
635;0;1;5.0000000000000000e-01;3.7500000000000000e-01;0.0000000000000000e+00
636;0;1;5.2500000000000002e-01;3.7500000000000000e-01;0.0000000000000000e+00
637;0;1;5.5000000000000004e-01;3.7500000000000000e-01;0.0000000000000000e+00
638;0;1;5.7500000000000007e-01;3.7500000000000000e-01;0.0000000000000000e+00
639;0;1;6.0000000000000009e-01;3.7500000000000000e-01;0.0000000000000000e+00
640;0;1;6.2500000000000000e-01;3.7500000000000000e-01;0.0000000000000000e+00
641;0;1;6.5000000000000002e-01;3.7500000000000000e-01;0.0000000000000000e+00
642;0;1;6.7500000000000004e-01;3.7500000000000000e-01;0.0000000000000000e+00
643;0;1;7.0000000000000007e-01;3.7500000000000000e-01;0.0000000000000000e+00
644;0;1;7.2500000000000009e-01;3.7500000000000000e-01;0.0000000000000000e+00
645;0;1;7.5000000000000000e-01;3.7500000000000000e-01;0.0000000000000000e+00
646;0;1;7.7500000000000002e-01;3.7500000000000000e-01;0.0000000000000000e+00
647;0;1;8.0000000000000004e-01;3.7500000000000000e-01;0.0000000000000000e+00
648;0;1;8.2500000000000007e-01;3.7500000000000000e-01;0.0000000000000000e+00
649;0;1;8.5000000000000009e-01;3.7500000000000000e-01;0.0000000000000000e+00
650;0;1;8.7500000000000000e-01;3.7500000000000000e-01;0.0000000000000000e+00
651;0;1;9.0000000000000002e-01;3.7500000000000000e-01;0.0000000000000000e+00
652;0;1;9.2500000000000004e-01;3.7500000000000000e-01;0.0000000000000000e+00
653;0;1;9.5000000000000007e-01;3.7500000000000000e-01;0.0000000000000000e+00
654;0;1;9.7500000000000009e-01;3.7500000000000000e-01;0.0000000000000000e+00
655;6;1;1.0000000000000000e+00;3.7500000000000000e-01;0.0000000000000000e+00
656;8;1;0.0000000000000000e+00;4.0000000000000002e-01;0.0000000000000000e+00
657;0;1;2.5000000000000001e-02;4.0000000000000002e-01;0.0000000000000000e+00
658;0;1;5.0000000000000003e-02;4.0000000000000002e-01;0.0000000000000000e+00
659;0;1;7.5000000000000011e-02;4.0000000000000002e-01;0.0000000000000000e+00
660;0;1;1.0000000000000001e-01;4.0000000000000002e-01;0.0000000000000000e+00
661;0;1;1.2500000000000000e-01;4.0000000000000002e-01;0.0000000000000000e+00
662;0;1;1.5000000000000002e-01;4.0000000000000002e-01;0.0000000000000000e+00
663;0;1;1.7500000000000002e-01;4.0000000000000002e-01;0.0000000000000000e+00
664;0;1;2.0000000000000001e-01;4.0000000000000002e-01;0.0000000000000000e+00
665;0;1;2.2500000000000001e-01;4.0000000000000002e-01;0.0000000000000000e+00
666;0;1;2.5000000000000000e-01;4.0000000000000002e-01;0.0000000000000000e+00
667;0;1;2.7500000000000002e-01;4.0000000000000002e-01;0.0000000000000000e+00
668;0;1;3.0000000000000004e-01;4.0000000000000002e-01;0.0000000000000000e+00
669;0;1;3.2500000000000001e-01;4.0000000000000002e-01;0.0000000000000000e+00
670;0;1;3.5000000000000003e-01;4.0000000000000002e-01;0.0000000000000000e+00
671;0;1;3.7500000000000000e-01;4.0000000000000002e-01;0.0000000000000000e+00
672;0;1;4.0000000000000002e-01;4.0000000000000002e-01;0.0000000000000000e+00
673;0;1;4.2500000000000004e-01;4.0000000000000002e-01;0.0000000000000000e+00
674;0;1;4.5000000000000001e-01;4.0000000000000002e-01;0.0000000000000000e+00
675;0;1;4.7500000000000003e-01;4.0000000000000002e-01;0.0000000000000000e+00
676;0;1;5.0000000000000000e-01;4.0000000000000002e-01;0.0000000000000000e+00
677;0;1;5.2500000000000002e-01;4.0000000000000002e-01;0.0000000000000000e+00
678;0;1;5.5000000000000004e-01;4.0000000000000002e-01;0.0000000000000000e+00
679;0;1;5.7500000000000007e-01;4.0000000000000002e-01;0.0000000000000000e+00
680;0;1;6.0000000000000009e-01;4.0000000000000002e-01;0.0000000000000000e+00
681;0;1;6.2500000000000000e-01;4.0000000000000002e-01;0.0000000000000000e+00
682;0;1;6.5000000000000002e-01;4.0000000000000002e-01;0.0000000000000000e+00
683;0;1;6.7500000000000004e-01;4.0000000000000002e-01;0.0000000000000000e+00
684;0;1;7.0000000000000007e-01;4.0000000000000002e-01;0.0000000000000000e+00
685;0;1;7.2500000000000009e-01;4.0000000000000002e-01;0.0000000000000000e+00
686;0;1;7.5000000000000000e-01;4.0000000000000002e-01;0.0000000000000000e+00
687;0;1;7.7500000000000002e-01;4.0000000000000002e-01;0.0000000000000000e+00
688;0;1;8.0000000000000004e-01;4.0000000000000002e-01;0.0000000000000000e+00
689;0;1;8.2500000000000007e-01;4.0000000000000002e-01;0.0000000000000000e+00
690;0;1;8.5000000000000009e-01;4.0000000000000002e-01;0.0000000000000000e+00
691;0;1;8.7500000000000000e-01;4.0000000000000002e-01;0.0000000000000000e+00
692;0;1;9.0000000000000002e-01;4.0000000000000002e-01;0.0000000000000000e+00
693;0;1;9.2500000000000004e-01;4.0000000000000002e-01;0.0000000000000000e+00
694;0;1;9.5000000000000007e-01;4.0000000000000002e-01;0.0000000000000000e+00
695;0;1;9.7500000000000009e-01;4.0000000000000002e-01;0.0000000000000000e+00
696;6;1;1.0000000000000000e+00;4.0000000000000002e-01;0.0000000000000000e+00
697;8;1;0.0000000000000000e+00;4.2500000000000004e-01;0.0000000000000000e+00
698;0;1;2.5000000000000001e-02;4.2500000000000004e-01;0.0000000000000000e+00
699;0;1;5.0000000000000003e-02;4.2500000000000004e-01;0.0000000000000000e+00
700;0;1;7.5000000000000011e-02;4.2500000000000004e-01;0.0000000000000000e+00
701;0;1;1.0000000000000001e-01;4.2500000000000004e-01;0.0000000000000000e+00
702;0;1;1.2500000000000000e-01;4.2500000000000004e-01;0.0000000000000000e+00
703;0;1;1.5000000000000002e-01;4.2500000000000004e-01;0.0000000000000000e+00
704;0;1;1.7500000000000002e-01;4.2500000000000004e-01;0.0000000000000000e+00
705;0;1;2.0000000000000001e-01;4.2500000000000004e-01;0.0000000000000000e+00
706;0;1;2.2500000000000001e-01;4.2500000000000004e-01;0.0000000000000000e+00
707;0;1;2.5000000000000000e-01;4.2500000000000004e-01;0.0000000000000000e+00
708;0;1;2.7500000000000002e-01;4.2500000000000004e-01;0.0000000000000000e+00
709;0;1;3.0000000000000004e-01;4.2500000000000004e-01;0.0000000000000000e+00
710;0;1;3.2500000000000001e-01;4.2500000000000004e-01;0.0000000000000000e+00
711;0;1;3.5000000000000003e-01;4.2500000000000004e-01;0.0000000000000000e+00
712;0;1;3.7500000000000000e-01;4.2500000000000004e-01;0.0000000000000000e+00
713;0;1;4.0000000000000002e-01;4.2500000000000004e-01;0.0000000000000000e+00
714;0;1;4.2500000000000004e-01;4.2500000000000004e-01;0.0000000000000000e+00
715;0;1;4.5000000000000001e-01;4.2500000000000004e-01;0.0000000000000000e+00
716;0;1;4.7500000000000003e-01;4.2500000000000004e-01;0.0000000000000000e+00
717;0;1;5.0000000000000000e-01;4.2500000000000004e-01;0.0000000000000000e+00
718;0;1;5.2500000000000002e-01;4.2500000000000004e-01;0.0000000000000000e+00
719;0;1;5.5000000000000004e-01;4.2500000000000004e-01;0.0000000000000000e+00
720;0;1;5.7500000000000007e-01;4.2500000000000004e-01;0.0000000000000000e+00
721;0;1;6.0000000000000009e-01;4.2500000000000004e-01;0.0000000000000000e+00
722;0;1;6.2500000000000000e-01;4.2500000000000004e-01;0.0000000000000000e+00
723;0;1;6.5000000000000002e-01;4.2500000000000004e-01;0.0000000000000000e+00
724;0;1;6.7500000000000004e-01;4.2500000000000004e-01;0.0000000000000000e+00
725;0;1;7.0000000000000007e-01;4.2500000000000004e-01;0.0000000000000000e+00
726;0;1;7.2500000000000009e-01;4.2500000000000004e-01;0.0000000000000000e+00
727;0;1;7.5000000000000000e-01;4.2500000000000004e-01;0.0000000000000000e+00
728;0;1;7.7500000000000002e-01;4.2500000000000004e-01;0.0000000000000000e+00
729;0;1;8.0000000000000004e-01;4.2500000000000004e-01;0.0000000000000000e+00
730;0;1;8.2500000000000007e-01;4.2500000000000004e-01;0.0000000000000000e+00
731;0;1;8.5000000000000009e-01;4.2500000000000004e-01;0.0000000000000000e+00
732;0;1;8.7500000000000000e-01;4.2500000000000004e-01;0.0000000000000000e+00
733;0;1;9.0000000000000002e-01;4.2500000000000004e-01;0.0000000000000000e+00
734;0;1;9.2500000000000004e-01;4.2500000000000004e-01;0.0000000000000000e+00
735;0;1;9.5000000000000007e-01;4.2500000000000004e-01;0.0000000000000000e+00
736;0;1;9.7500000000000009e-01;4.2500000000000004e-01;0.0000000000000000e+00
737;6;1;1.0000000000000000e+00;4.2500000000000004e-01;0.0000000000000000e+00
738;8;1;0.0000000000000000e+00;4.5000000000000001e-01;0.0000000000000000e+00
739;0;1;2.5000000000000001e-02;4.5000000000000001e-01;0.0000000000000000e+00
740;0;1;5.0000000000000003e-02;4.5000000000000001e-01;0.0000000000000000e+00
741;0;1;7.5000000000000011e-02;4.5000000000000001e-01;0.0000000000000000e+00
742;0;1;1.0000000000000001e-01;4.5000000000000001e-01;0.0000000000000000e+00
743;0;1;1.2500000000000000e-01;4.5000000000000001e-01;0.0000000000000000e+00
744;0;1;1.5000000000000002e-01;4.5000000000000001e-01;0.0000000000000000e+00
745;0;1;1.7500000000000002e-01;4.5000000000000001e-01;0.0000000000000000e+00
746;0;1;2.0000000000000001e-01;4.5000000000000001e-01;0.0000000000000000e+00
747;0;1;2.2500000000000001e-01;4.5000000000000001e-01;0.0000000000000000e+00
748;0;1;2.5000000000000000e-01;4.5000000000000001e-01;0.0000000000000000e+00
749;0;1;2.7500000000000002e-01;4.5000000000000001e-01;0.0000000000000000e+00
750;0;1;3.0000000000000004e-01;4.5000000000000001e-01;0.0000000000000000e+00
751;0;1;3.2500000000000001e-01;4.5000000000000001e-01;0.0000000000000000e+00
752;0;1;3.5000000000000003e-01;4.5000000000000001e-01;0.0000000000000000e+00
753;0;1;3.7500000000000000e-01;4.5000000000000001e-01;0.0000000000000000e+00
754;0;1;4.0000000000000002e-01;4.5000000000000001e-01;0.0000000000000000e+00
755;0;1;4.2500000000000004e-01;4.5000000000000001e-01;0.0000000000000000e+00
756;0;1;4.5000000000000001e-01;4.5000000000000001e-01;0.0000000000000000e+00
757;0;1;4.7500000000000003e-01;4.5000000000000001e-01;0.0000000000000000e+00
758;0;1;5.0000000000000000e-01;4.5000000000000001e-01;0.0000000000000000e+00
759;0;1;5.2500000000000002e-01;4.5000000000000001e-01;0.0000000000000000e+00
760;0;1;5.5000000000000004e-01;4.5000000000000001e-01;0.0000000000000000e+00
761;0;1;5.7500000000000007e-01;4.5000000000000001e-01;0.0000000000000000e+00
762;0;1;6.0000000000000009e-01;4.5000000000000001e-01;0.0000000000000000e+00
763;0;1;6.2500000000000000e-01;4.5000000000000001e-01;0.0000000000000000e+00
764;0;1;6.5000000000000002e-01;4.5000000000000001e-01;0.0000000000000000e+00
765;0;1;6.7500000000000004e-01;4.5000000000000001e-01;0.0000000000000000e+00
766;0;1;7.0000000000000007e-01;4.5000000000000001e-01;0.0000000000000000e+00
767;0;1;7.2500000000000009e-01;4.5000000000000001e-01;0.0000000000000000e+00
768;0;1;7.5000000000000000e-01;4.5000000000000001e-01;0.0000000000000000e+00
769;0;1;7.7500000000000002e-01;4.5000000000000001e-01;0.0000000000000000e+00
770;0;1;8.0000000000000004e-01;4.5000000000000001e-01;0.0000000000000000e+00
771;0;1;8.2500000000000007e-01;4.5000000000000001e-01;0.0000000000000000e+00
772;0;1;8.5000000000000009e-01;4.5000000000000001e-01;0.0000000000000000e+00
773;0;1;8.7500000000000000e-01;4.5000000000000001e-01;0.0000000000000000e+00
774;0;1;9.0000000000000002e-01;4.5000000000000001e-01;0.0000000000000000e+00
775;0;1;9.2500000000000004e-01;4.5000000000000001e-01;0.0000000000000000e+00
776;0;1;9.5000000000000007e-01;4.5000000000000001e-01;0.0000000000000000e+00
777;0;1;9.7500000000000009e-01;4.5000000000000001e-01;0.0000000000000000e+00
778;6;1;1.0000000000000000e+00;4.5000000000000001e-01;0.0000000000000000e+00
779;8;1;0.0000000000000000e+00;4.7500000000000003e-01;0.0000000000000000e+00
780;0;1;2.5000000000000001e-02;4.7500000000000003e-01;0.0000000000000000e+00
781;0;1;5.0000000000000003e-02;4.7500000000000003e-01;0.0000000000000000e+00
782;0;1;7.5000000000000011e-02;4.7500000000000003e-01;0.0000000000000000e+00
783;0;1;1.0000000000000001e-01;4.7500000000000003e-01;0.0000000000000000e+00
784;0;1;1.2500000000000000e-01;4.7500000000000003e-01;0.0000000000000000e+00
785;0;1;1.5000000000000002e-01;4.7500000000000003e-01;0.0000000000000000e+00
786;0;1;1.7500000000000002e-01;4.7500000000000003e-01;0.0000000000000000e+00
787;0;1;2.0000000000000001e-01;4.7500000000000003e-01;0.0000000000000000e+00
788;0;1;2.2500000000000001e-01;4.7500000000000003e-01;0.0000000000000000e+00
789;0;1;2.5000000000000000e-01;4.7500000000000003e-01;0.0000000000000000e+00
790;0;1;2.7500000000000002e-01;4.7500000000000003e-01;0.0000000000000000e+00
791;0;1;3.0000000000000004e-01;4.7500000000000003e-01;0.0000000000000000e+00
792;0;1;3.2500000000000001e-01;4.7500000000000003e-01;0.0000000000000000e+00
793;0;1;3.5000000000000003e-01;4.7500000000000003e-01;0.0000000000000000e+00
794;0;1;3.7500000000000000e-01;4.7500000000000003e-01;0.0000000000000000e+00
795;0;1;4.0000000000000002e-01;4.7500000000000003e-01;0.0000000000000000e+00
796;0;1;4.2500000000000004e-01;4.7500000000000003e-01;0.0000000000000000e+00
797;0;1;4.5000000000000001e-01;4.7500000000000003e-01;0.0000000000000000e+00
798;0;1;4.7500000000000003e-01;4.7500000000000003e-01;0.0000000000000000e+00
799;0;1;5.0000000000000000e-01;4.7500000000000003e-01;0.0000000000000000e+00
800;0;1;5.2500000000000002e-01;4.7500000000000003e-01;0.0000000000000000e+00
801;0;1;5.5000000000000004e-01;4.7500000000000003e-01;0.0000000000000000e+00
802;0;1;5.7500000000000007e-01;4.7500000000000003e-01;0.0000000000000000e+00
803;0;1;6.0000000000000009e-01;4.7500000000000003e-01;0.0000000000000000e+00
804;0;1;6.2500000000000000e-01;4.7500000000000003e-01;0.0000000000000000e+00
805;0;1;6.5000000000000002e-01;4.7500000000000003e-01;0.0000000000000000e+00
806;0;1;6.7500000000000004e-01;4.7500000000000003e-01;0.0000000000000000e+00
807;0;1;7.0000000000000007e-01;4.7500000000000003e-01;0.0000000000000000e+00
808;0;1;7.2500000000000009e-01;4.7500000000000003e-01;0.0000000000000000e+00
809;0;1;7.5000000000000000e-01;4.7500000000000003e-01;0.0000000000000000e+00
810;0;1;7.7500000000000002e-01;4.7500000000000003e-01;0.0000000000000000e+00
811;0;1;8.0000000000000004e-01;4.7500000000000003e-01;0.0000000000000000e+00
812;0;1;8.2500000000000007e-01;4.7500000000000003e-01;0.0000000000000000e+00
813;0;1;8.5000000000000009e-01;4.7500000000000003e-01;0.0000000000000000e+00
814;0;1;8.7500000000000000e-01;4.7500000000000003e-01;0.0000000000000000e+00
815;0;1;9.0000000000000002e-01;4.7500000000000003e-01;0.0000000000000000e+00
816;0;1;9.2500000000000004e-01;4.7500000000000003e-01;0.0000000000000000e+00
817;0;1;9.5000000000000007e-01;4.7500000000000003e-01;0.0000000000000000e+00
818;0;1;9.7500000000000009e-01;4.7500000000000003e-01;0.0000000000000000e+00
819;6;1;1.0000000000000000e+00;4.7500000000000003e-01;0.0000000000000000e+00
820;8;1;0.0000000000000000e+00;5.0000000000000000e-01;0.0000000000000000e+00
821;0;1;2.5000000000000001e-02;5.0000000000000000e-01;0.0000000000000000e+00
822;0;1;5.0000000000000003e-02;5.0000000000000000e-01;0.0000000000000000e+00
823;0;1;7.5000000000000011e-02;5.0000000000000000e-01;0.0000000000000000e+00
824;0;1;1.0000000000000001e-01;5.0000000000000000e-01;0.0000000000000000e+00
825;0;1;1.2500000000000000e-01;5.0000000000000000e-01;0.0000000000000000e+00
826;0;1;1.5000000000000002e-01;5.0000000000000000e-01;0.0000000000000000e+00
827;0;1;1.7500000000000002e-01;5.0000000000000000e-01;0.0000000000000000e+00
828;0;1;2.0000000000000001e-01;5.0000000000000000e-01;0.0000000000000000e+00
829;0;1;2.2500000000000001e-01;5.0000000000000000e-01;0.0000000000000000e+00
830;0;1;2.5000000000000000e-01;5.0000000000000000e-01;0.0000000000000000e+00
831;0;1;2.7500000000000002e-01;5.0000000000000000e-01;0.0000000000000000e+00
832;0;1;3.0000000000000004e-01;5.0000000000000000e-01;0.0000000000000000e+00
833;0;1;3.2500000000000001e-01;5.0000000000000000e-01;0.0000000000000000e+00
834;0;1;3.5000000000000003e-01;5.0000000000000000e-01;0.0000000000000000e+00
835;0;1;3.7500000000000000e-01;5.0000000000000000e-01;0.0000000000000000e+00
836;0;1;4.0000000000000002e-01;5.0000000000000000e-01;0.0000000000000000e+00
837;0;1;4.2500000000000004e-01;5.0000000000000000e-01;0.0000000000000000e+00
838;0;1;4.5000000000000001e-01;5.0000000000000000e-01;0.0000000000000000e+00
839;0;1;4.7500000000000003e-01;5.0000000000000000e-01;0.0000000000000000e+00
840;0;1;5.0000000000000000e-01;5.0000000000000000e-01;0.0000000000000000e+00
841;0;1;5.2500000000000002e-01;5.0000000000000000e-01;0.0000000000000000e+00
842;0;1;5.5000000000000004e-01;5.0000000000000000e-01;0.0000000000000000e+00
843;0;1;5.7500000000000007e-01;5.0000000000000000e-01;0.0000000000000000e+00
844;0;1;6.0000000000000009e-01;5.0000000000000000e-01;0.0000000000000000e+00
845;0;1;6.2500000000000000e-01;5.0000000000000000e-01;0.0000000000000000e+00
846;0;1;6.5000000000000002e-01;5.0000000000000000e-01;0.0000000000000000e+00
847;0;1;6.7500000000000004e-01;5.0000000000000000e-01;0.0000000000000000e+00
848;0;1;7.0000000000000007e-01;5.0000000000000000e-01;0.0000000000000000e+00
849;0;1;7.2500000000000009e-01;5.0000000000000000e-01;0.0000000000000000e+00
850;0;1;7.5000000000000000e-01;5.0000000000000000e-01;0.0000000000000000e+00
851;0;1;7.7500000000000002e-01;5.0000000000000000e-01;0.0000000000000000e+00
852;0;1;8.0000000000000004e-01;5.0000000000000000e-01;0.0000000000000000e+00
853;0;1;8.2500000000000007e-01;5.0000000000000000e-01;0.0000000000000000e+00
854;0;1;8.5000000000000009e-01;5.0000000000000000e-01;0.0000000000000000e+00
855;0;1;8.7500000000000000e-01;5.0000000000000000e-01;0.0000000000000000e+00
856;0;1;9.0000000000000002e-01;5.0000000000000000e-01;0.0000000000000000e+00
857;0;1;9.2500000000000004e-01;5.0000000000000000e-01;0.0000000000000000e+00
858;0;1;9.5000000000000007e-01;5.0000000000000000e-01;0.0000000000000000e+00
859;0;1;9.7500000000000009e-01;5.0000000000000000e-01;0.0000000000000000e+00
860;6;1;1.0000000000000000e+00;5.0000000000000000e-01;0.0000000000000000e+00
861;8;1;0.0000000000000000e+00;5.2500000000000002e-01;0.0000000000000000e+00
862;0;1;2.5000000000000001e-02;5.2500000000000002e-01;0.0000000000000000e+00
863;0;1;5.0000000000000003e-02;5.2500000000000002e-01;0.0000000000000000e+00
864;0;1;7.5000000000000011e-02;5.2500000000000002e-01;0.0000000000000000e+00
865;0;1;1.0000000000000001e-01;5.2500000000000002e-01;0.0000000000000000e+00
866;0;1;1.2500000000000000e-01;5.2500000000000002e-01;0.0000000000000000e+00
867;0;1;1.5000000000000002e-01;5.2500000000000002e-01;0.0000000000000000e+00
868;0;1;1.7500000000000002e-01;5.2500000000000002e-01;0.0000000000000000e+00
869;0;1;2.0000000000000001e-01;5.2500000000000002e-01;0.0000000000000000e+00
870;0;1;2.2500000000000001e-01;5.2500000000000002e-01;0.0000000000000000e+00
871;0;1;2.5000000000000000e-01;5.2500000000000002e-01;0.0000000000000000e+00
872;0;1;2.7500000000000002e-01;5.2500000000000002e-01;0.0000000000000000e+00
873;0;1;3.0000000000000004e-01;5.2500000000000002e-01;0.0000000000000000e+00
874;0;1;3.2500000000000001e-01;5.2500000000000002e-01;0.0000000000000000e+00
875;0;1;3.5000000000000003e-01;5.2500000000000002e-01;0.0000000000000000e+00
876;0;1;3.7500000000000000e-01;5.2500000000000002e-01;0.0000000000000000e+00
877;0;1;4.0000000000000002e-01;5.2500000000000002e-01;0.0000000000000000e+00
878;0;1;4.2500000000000004e-01;5.2500000000000002e-01;0.0000000000000000e+00
879;0;1;4.5000000000000001e-01;5.2500000000000002e-01;0.0000000000000000e+00
880;0;1;4.7500000000000003e-01;5.2500000000000002e-01;0.0000000000000000e+00
881;0;1;5.0000000000000000e-01;5.2500000000000002e-01;0.0000000000000000e+00
882;0;1;5.2500000000000002e-01;5.2500000000000002e-01;0.0000000000000000e+00
883;0;1;5.5000000000000004e-01;5.2500000000000002e-01;0.0000000000000000e+00
884;0;1;5.7500000000000007e-01;5.2500000000000002e-01;0.0000000000000000e+00
885;0;1;6.0000000000000009e-01;5.2500000000000002e-01;0.0000000000000000e+00
886;0;1;6.2500000000000000e-01;5.2500000000000002e-01;0.0000000000000000e+00
887;0;1;6.5000000000000002e-01;5.2500000000000002e-01;0.0000000000000000e+00
888;0;1;6.7500000000000004e-01;5.2500000000000002e-01;0.0000000000000000e+00
889;0;1;7.0000000000000007e-01;5.2500000000000002e-01;0.0000000000000000e+00
890;0;1;7.2500000000000009e-01;5.2500000000000002e-01;0.0000000000000000e+00
891;0;1;7.5000000000000000e-01;5.2500000000000002e-01;0.0000000000000000e+00
892;0;1;7.7500000000000002e-01;5.2500000000000002e-01;0.0000000000000000e+00
893;0;1;8.0000000000000004e-01;5.2500000000000002e-01;0.0000000000000000e+00
894;0;1;8.2500000000000007e-01;5.2500000000000002e-01;0.0000000000000000e+00
895;0;1;8.5000000000000009e-01;5.2500000000000002e-01;0.0000000000000000e+00
896;0;1;8.7500000000000000e-01;5.2500000000000002e-01;0.0000000000000000e+00
897;0;1;9.0000000000000002e-01;5.2500000000000002e-01;0.0000000000000000e+00
898;0;1;9.2500000000000004e-01;5.2500000000000002e-01;0.0000000000000000e+00
899;0;1;9.5000000000000007e-01;5.2500000000000002e-01;0.0000000000000000e+00
900;0;1;9.7500000000000009e-01;5.2500000000000002e-01;0.0000000000000000e+00
901;6;1;1.0000000000000000e+00;5.2500000000000002e-01;0.0000000000000000e+00
902;8;1;0.0000000000000000e+00;5.5000000000000004e-01;0.0000000000000000e+00
903;0;1;2.5000000000000001e-02;5.5000000000000004e-01;0.0000000000000000e+00
904;0;1;5.0000000000000003e-02;5.5000000000000004e-01;0.0000000000000000e+00
905;0;1;7.5000000000000011e-02;5.5000000000000004e-01;0.0000000000000000e+00
906;0;1;1.0000000000000001e-01;5.5000000000000004e-01;0.0000000000000000e+00
907;0;1;1.2500000000000000e-01;5.5000000000000004e-01;0.0000000000000000e+00
908;0;1;1.5000000000000002e-01;5.5000000000000004e-01;0.0000000000000000e+00
909;0;1;1.7500000000000002e-01;5.5000000000000004e-01;0.0000000000000000e+00
910;0;1;2.0000000000000001e-01;5.5000000000000004e-01;0.0000000000000000e+00
911;0;1;2.2500000000000001e-01;5.5000000000000004e-01;0.0000000000000000e+00
912;0;1;2.5000000000000000e-01;5.5000000000000004e-01;0.0000000000000000e+00
913;0;1;2.7500000000000002e-01;5.5000000000000004e-01;0.0000000000000000e+00
914;0;1;3.0000000000000004e-01;5.5000000000000004e-01;0.0000000000000000e+00
915;0;1;3.2500000000000001e-01;5.5000000000000004e-01;0.0000000000000000e+00
916;0;1;3.5000000000000003e-01;5.5000000000000004e-01;0.0000000000000000e+00
917;0;1;3.7500000000000000e-01;5.5000000000000004e-01;0.0000000000000000e+00
918;0;1;4.0000000000000002e-01;5.5000000000000004e-01;0.0000000000000000e+00
919;0;1;4.2500000000000004e-01;5.5000000000000004e-01;0.0000000000000000e+00
920;0;1;4.5000000000000001e-01;5.5000000000000004e-01;0.0000000000000000e+00
921;0;1;4.7500000000000003e-01;5.5000000000000004e-01;0.0000000000000000e+00
922;0;1;5.0000000000000000e-01;5.5000000000000004e-01;0.0000000000000000e+00
923;0;1;5.2500000000000002e-01;5.5000000000000004e-01;0.0000000000000000e+00
924;0;1;5.5000000000000004e-01;5.5000000000000004e-01;0.0000000000000000e+00
925;0;1;5.7500000000000007e-01;5.5000000000000004e-01;0.0000000000000000e+00
926;0;1;6.0000000000000009e-01;5.5000000000000004e-01;0.0000000000000000e+00
927;0;1;6.2500000000000000e-01;5.5000000000000004e-01;0.0000000000000000e+00
928;0;1;6.5000000000000002e-01;5.5000000000000004e-01;0.0000000000000000e+00
929;0;1;6.7500000000000004e-01;5.5000000000000004e-01;0.0000000000000000e+00
930;0;1;7.0000000000000007e-01;5.5000000000000004e-01;0.0000000000000000e+00
931;0;1;7.2500000000000009e-01;5.5000000000000004e-01;0.0000000000000000e+00
932;0;1;7.5000000000000000e-01;5.5000000000000004e-01;0.0000000000000000e+00
933;0;1;7.7500000000000002e-01;5.5000000000000004e-01;0.0000000000000000e+00
934;0;1;8.0000000000000004e-01;5.5000000000000004e-01;0.0000000000000000e+00
935;0;1;8.2500000000000007e-01;5.5000000000000004e-01;0.0000000000000000e+00
936;0;1;8.5000000000000009e-01;5.5000000000000004e-01;0.0000000000000000e+00
937;0;1;8.7500000000000000e-01;5.5000000000000004e-01;0.0000000000000000e+00
938;0;1;9.0000000000000002e-01;5.5000000000000004e-01;0.0000000000000000e+00
939;0;1;9.2500000000000004e-01;5.5000000000000004e-01;0.0000000000000000e+00
940;0;1;9.5000000000000007e-01;5.5000000000000004e-01;0.0000000000000000e+00
941;0;1;9.7500000000000009e-01;5.5000000000000004e-01;0.0000000000000000e+00
942;6;1;1.0000000000000000e+00;5.5000000000000004e-01;0.0000000000000000e+00
943;8;1;0.0000000000000000e+00;5.7500000000000007e-01;0.0000000000000000e+00
944;0;1;2.5000000000000001e-02;5.7500000000000007e-01;0.0000000000000000e+00
945;0;1;5.0000000000000003e-02;5.7500000000000007e-01;0.0000000000000000e+00
946;0;1;7.5000000000000011e-02;5.7500000000000007e-01;0.0000000000000000e+00
947;0;1;1.0000000000000001e-01;5.7500000000000007e-01;0.0000000000000000e+00
948;0;1;1.2500000000000000e-01;5.7500000000000007e-01;0.0000000000000000e+00
949;0;1;1.5000000000000002e-01;5.7500000000000007e-01;0.0000000000000000e+00
950;0;1;1.7500000000000002e-01;5.7500000000000007e-01;0.0000000000000000e+00
951;0;1;2.0000000000000001e-01;5.7500000000000007e-01;0.0000000000000000e+00
952;0;1;2.2500000000000001e-01;5.7500000000000007e-01;0.0000000000000000e+00
953;0;1;2.5000000000000000e-01;5.7500000000000007e-01;0.0000000000000000e+00
954;0;1;2.7500000000000002e-01;5.7500000000000007e-01;0.0000000000000000e+00
955;0;1;3.0000000000000004e-01;5.7500000000000007e-01;0.0000000000000000e+00
956;0;1;3.2500000000000001e-01;5.7500000000000007e-01;0.0000000000000000e+00
957;0;1;3.5000000000000003e-01;5.7500000000000007e-01;0.0000000000000000e+00
958;0;1;3.7500000000000000e-01;5.7500000000000007e-01;0.0000000000000000e+00
959;0;1;4.0000000000000002e-01;5.7500000000000007e-01;0.0000000000000000e+00
960;0;1;4.2500000000000004e-01;5.7500000000000007e-01;0.0000000000000000e+00
961;0;1;4.5000000000000001e-01;5.7500000000000007e-01;0.0000000000000000e+00
962;0;1;4.7500000000000003e-01;5.7500000000000007e-01;0.0000000000000000e+00
963;0;1;5.0000000000000000e-01;5.7500000000000007e-01;0.0000000000000000e+00
964;0;1;5.2500000000000002e-01;5.7500000000000007e-01;0.0000000000000000e+00
965;0;1;5.5000000000000004e-01;5.7500000000000007e-01;0.0000000000000000e+00
966;0;1;5.7500000000000007e-01;5.7500000000000007e-01;0.0000000000000000e+00
967;0;1;6.0000000000000009e-01;5.7500000000000007e-01;0.0000000000000000e+00
968;0;1;6.2500000000000000e-01;5.7500000000000007e-01;0.0000000000000000e+00
969;0;1;6.5000000000000002e-01;5.7500000000000007e-01;0.0000000000000000e+00
970;0;1;6.7500000000000004e-01;5.7500000000000007e-01;0.0000000000000000e+00
971;0;1;7.0000000000000007e-01;5.7500000000000007e-01;0.0000000000000000e+00
972;0;1;7.2500000000000009e-01;5.7500000000000007e-01;0.0000000000000000e+00
973;0;1;7.5000000000000000e-01;5.7500000000000007e-01;0.0000000000000000e+00
974;0;1;7.7500000000000002e-01;5.7500000000000007e-01;0.0000000000000000e+00
975;0;1;8.0000000000000004e-01;5.7500000000000007e-01;0.0000000000000000e+00
976;0;1;8.2500000000000007e-01;5.7500000000000007e-01;0.0000000000000000e+00
977;0;1;8.5000000000000009e-01;5.7500000000000007e-01;0.0000000000000000e+00
978;0;1;8.7500000000000000e-01;5.7500000000000007e-01;0.0000000000000000e+00
979;0;1;9.0000000000000002e-01;5.7500000000000007e-01;0.0000000000000000e+00
980;0;1;9.2500000000000004e-01;5.7500000000000007e-01;0.0000000000000000e+00
981;0;1;9.5000000000000007e-01;5.7500000000000007e-01;0.0000000000000000e+00
982;0;1;9.7500000000000009e-01;5.7500000000000007e-01;0.0000000000000000e+00
983;6;1;1.0000000000000000e+00;5.7500000000000007e-01;0.0000000000000000e+00
984;8;1;0.0000000000000000e+00;6.0000000000000009e-01;0.0000000000000000e+00
985;0;1;2.5000000000000001e-02;6.0000000000000009e-01;0.0000000000000000e+00
986;0;1;5.0000000000000003e-02;6.0000000000000009e-01;0.0000000000000000e+00
987;0;1;7.5000000000000011e-02;6.0000000000000009e-01;0.0000000000000000e+00
988;0;1;1.0000000000000001e-01;6.0000000000000009e-01;0.0000000000000000e+00
989;0;1;1.2500000000000000e-01;6.0000000000000009e-01;0.0000000000000000e+00
990;0;1;1.5000000000000002e-01;6.0000000000000009e-01;0.0000000000000000e+00
991;0;1;1.7500000000000002e-01;6.0000000000000009e-01;0.0000000000000000e+00
992;0;1;2.0000000000000001e-01;6.0000000000000009e-01;0.0000000000000000e+00
993;0;1;2.2500000000000001e-01;6.0000000000000009e-01;0.0000000000000000e+00
994;0;1;2.5000000000000000e-01;6.0000000000000009e-01;0.0000000000000000e+00
995;0;1;2.7500000000000002e-01;6.0000000000000009e-01;0.0000000000000000e+00
996;0;1;3.0000000000000004e-01;6.0000000000000009e-01;0.0000000000000000e+00
997;0;1;3.2500000000000001e-01;6.0000000000000009e-01;0.0000000000000000e+00
998;0;1;3.5000000000000003e-01;6.0000000000000009e-01;0.0000000000000000e+00
999;0;1;3.7500000000000000e-01;6.0000000000000009e-01;0.0000000000000000e+00
1000;0;1;4.0000000000000002e-01;6.0000000000000009e-01;0.0000000000000000e+00
1001;0;1;4.2500000000000004e-01;6.0000000000000009e-01;0.0000000000000000e+00
1002;0;1;4.5000000000000001e-01;6.0000000000000009e-01;0.0000000000000000e+00
1003;0;1;4.7500000000000003e-01;6.0000000000000009e-01;0.0000000000000000e+00
1004;0;1;5.0000000000000000e-01;6.0000000000000009e-01;0.0000000000000000e+00
1005;0;1;5.2500000000000002e-01;6.0000000000000009e-01;0.0000000000000000e+00
1006;0;1;5.5000000000000004e-01;6.0000000000000009e-01;0.0000000000000000e+00
1007;0;1;5.7500000000000007e-01;6.0000000000000009e-01;0.0000000000000000e+00
1008;0;1;6.0000000000000009e-01;6.0000000000000009e-01;0.0000000000000000e+00
1009;0;1;6.2500000000000000e-01;6.0000000000000009e-01;0.0000000000000000e+00
1010;0;1;6.5000000000000002e-01;6.0000000000000009e-01;0.0000000000000000e+00
1011;0;1;6.7500000000000004e-01;6.0000000000000009e-01;0.0000000000000000e+00
1012;0;1;7.0000000000000007e-01;6.0000000000000009e-01;0.0000000000000000e+00
1013;0;1;7.2500000000000009e-01;6.0000000000000009e-01;0.0000000000000000e+00
1014;0;1;7.5000000000000000e-01;6.0000000000000009e-01;0.0000000000000000e+00
1015;0;1;7.7500000000000002e-01;6.0000000000000009e-01;0.0000000000000000e+00
1016;0;1;8.0000000000000004e-01;6.0000000000000009e-01;0.0000000000000000e+00
1017;0;1;8.2500000000000007e-01;6.0000000000000009e-01;0.0000000000000000e+00
1018;0;1;8.5000000000000009e-01;6.0000000000000009e-01;0.0000000000000000e+00
1019;0;1;8.7500000000000000e-01;6.0000000000000009e-01;0.0000000000000000e+00
1020;0;1;9.0000000000000002e-01;6.0000000000000009e-01;0.0000000000000000e+00
1021;0;1;9.2500000000000004e-01;6.0000000000000009e-01;0.0000000000000000e+00
1022;0;1;9.5000000000000007e-01;6.0000000000000009e-01;0.0000000000000000e+00
1023;0;1;9.7500000000000009e-01;6.0000000000000009e-01;0.0000000000000000e+00
1024;6;1;1.0000000000000000e+00;6.0000000000000009e-01;0.0000000000000000e+00
1025;8;1;0.0000000000000000e+00;6.2500000000000000e-01;0.0000000000000000e+00
1026;0;1;2.5000000000000001e-02;6.2500000000000000e-01;0.0000000000000000e+00
1027;0;1;5.0000000000000003e-02;6.2500000000000000e-01;0.0000000000000000e+00
1028;0;1;7.5000000000000011e-02;6.2500000000000000e-01;0.0000000000000000e+00
1029;0;1;1.0000000000000001e-01;6.2500000000000000e-01;0.0000000000000000e+00
1030;0;1;1.2500000000000000e-01;6.2500000000000000e-01;0.0000000000000000e+00
1031;0;1;1.5000000000000002e-01;6.2500000000000000e-01;0.0000000000000000e+00
1032;0;1;1.7500000000000002e-01;6.2500000000000000e-01;0.0000000000000000e+00
1033;0;1;2.0000000000000001e-01;6.2500000000000000e-01;0.0000000000000000e+00
1034;0;1;2.2500000000000001e-01;6.2500000000000000e-01;0.0000000000000000e+00
1035;0;1;2.5000000000000000e-01;6.2500000000000000e-01;0.0000000000000000e+00
1036;0;1;2.7500000000000002e-01;6.2500000000000000e-01;0.0000000000000000e+00
1037;0;1;3.0000000000000004e-01;6.2500000000000000e-01;0.0000000000000000e+00
1038;0;1;3.2500000000000001e-01;6.2500000000000000e-01;0.0000000000000000e+00
1039;0;1;3.5000000000000003e-01;6.2500000000000000e-01;0.0000000000000000e+00
1040;0;1;3.7500000000000000e-01;6.2500000000000000e-01;0.0000000000000000e+00
1041;0;1;4.0000000000000002e-01;6.2500000000000000e-01;0.0000000000000000e+00
1042;0;1;4.2500000000000004e-01;6.2500000000000000e-01;0.0000000000000000e+00
1043;0;1;4.5000000000000001e-01;6.2500000000000000e-01;0.0000000000000000e+00
1044;0;1;4.7500000000000003e-01;6.2500000000000000e-01;0.0000000000000000e+00
1045;0;1;5.0000000000000000e-01;6.2500000000000000e-01;0.0000000000000000e+00
1046;0;1;5.2500000000000002e-01;6.2500000000000000e-01;0.0000000000000000e+00
1047;0;1;5.5000000000000004e-01;6.2500000000000000e-01;0.0000000000000000e+00
1048;0;1;5.7500000000000007e-01;6.2500000000000000e-01;0.0000000000000000e+00
1049;0;1;6.0000000000000009e-01;6.2500000000000000e-01;0.0000000000000000e+00
1050;0;1;6.2500000000000000e-01;6.2500000000000000e-01;0.0000000000000000e+00
1051;0;1;6.5000000000000002e-01;6.2500000000000000e-01;0.0000000000000000e+00
1052;0;1;6.7500000000000004e-01;6.2500000000000000e-01;0.0000000000000000e+00
1053;0;1;7.0000000000000007e-01;6.2500000000000000e-01;0.0000000000000000e+00
1054;0;1;7.2500000000000009e-01;6.2500000000000000e-01;0.0000000000000000e+00
1055;0;1;7.5000000000000000e-01;6.2500000000000000e-01;0.0000000000000000e+00
1056;0;1;7.7500000000000002e-01;6.2500000000000000e-01;0.0000000000000000e+00
1057;0;1;8.0000000000000004e-01;6.2500000000000000e-01;0.0000000000000000e+00
1058;0;1;8.2500000000000007e-01;6.2500000000000000e-01;0.0000000000000000e+00
1059;0;1;8.5000000000000009e-01;6.2500000000000000e-01;0.0000000000000000e+00
1060;0;1;8.7500000000000000e-01;6.2500000000000000e-01;0.0000000000000000e+00
1061;0;1;9.0000000000000002e-01;6.2500000000000000e-01;0.0000000000000000e+00
1062;0;1;9.2500000000000004e-01;6.2500000000000000e-01;0.0000000000000000e+00
1063;0;1;9.5000000000000007e-01;6.2500000000000000e-01;0.0000000000000000e+00
1064;0;1;9.7500000000000009e-01;6.2500000000000000e-01;0.0000000000000000e+00
1065;6;1;1.0000000000000000e+00;6.2500000000000000e-01;0.0000000000000000e+00
1066;8;1;0.0000000000000000e+00;6.5000000000000002e-01;0.0000000000000000e+00
1067;0;1;2.5000000000000001e-02;6.5000000000000002e-01;0.0000000000000000e+00
1068;0;1;5.0000000000000003e-02;6.5000000000000002e-01;0.0000000000000000e+00
1069;0;1;7.5000000000000011e-02;6.5000000000000002e-01;0.0000000000000000e+00
1070;0;1;1.0000000000000001e-01;6.5000000000000002e-01;0.0000000000000000e+00
1071;0;1;1.2500000000000000e-01;6.5000000000000002e-01;0.0000000000000000e+00
1072;0;1;1.5000000000000002e-01;6.5000000000000002e-01;0.0000000000000000e+00
1073;0;1;1.7500000000000002e-01;6.5000000000000002e-01;0.0000000000000000e+00
1074;0;1;2.0000000000000001e-01;6.5000000000000002e-01;0.0000000000000000e+00
1075;0;1;2.2500000000000001e-01;6.5000000000000002e-01;0.0000000000000000e+00
1076;0;1;2.5000000000000000e-01;6.5000000000000002e-01;0.0000000000000000e+00
1077;0;1;2.7500000000000002e-01;6.5000000000000002e-01;0.0000000000000000e+00
1078;0;1;3.0000000000000004e-01;6.5000000000000002e-01;0.0000000000000000e+00
1079;0;1;3.2500000000000001e-01;6.5000000000000002e-01;0.0000000000000000e+00
1080;0;1;3.5000000000000003e-01;6.5000000000000002e-01;0.0000000000000000e+00
1081;0;1;3.7500000000000000e-01;6.5000000000000002e-01;0.0000000000000000e+00
1082;0;1;4.0000000000000002e-01;6.5000000000000002e-01;0.0000000000000000e+00
1083;0;1;4.2500000000000004e-01;6.5000000000000002e-01;0.0000000000000000e+00
1084;0;1;4.5000000000000001e-01;6.5000000000000002e-01;0.0000000000000000e+00
1085;0;1;4.7500000000000003e-01;6.5000000000000002e-01;0.0000000000000000e+00
1086;0;1;5.0000000000000000e-01;6.5000000000000002e-01;0.0000000000000000e+00
1087;0;1;5.2500000000000002e-01;6.5000000000000002e-01;0.0000000000000000e+00
1088;0;1;5.5000000000000004e-01;6.5000000000000002e-01;0.0000000000000000e+00
1089;0;1;5.7500000000000007e-01;6.5000000000000002e-01;0.0000000000000000e+00
1090;0;1;6.0000000000000009e-01;6.5000000000000002e-01;0.0000000000000000e+00
1091;0;1;6.2500000000000000e-01;6.5000000000000002e-01;0.0000000000000000e+00
1092;0;1;6.5000000000000002e-01;6.5000000000000002e-01;0.0000000000000000e+00
1093;0;1;6.7500000000000004e-01;6.5000000000000002e-01;0.0000000000000000e+00
1094;0;1;7.0000000000000007e-01;6.5000000000000002e-01;0.0000000000000000e+00
1095;0;1;7.2500000000000009e-01;6.5000000000000002e-01;0.0000000000000000e+00
1096;0;1;7.5000000000000000e-01;6.5000000000000002e-01;0.0000000000000000e+00
1097;0;1;7.7500000000000002e-01;6.5000000000000002e-01;0.0000000000000000e+00
1098;0;1;8.0000000000000004e-01;6.5000000000000002e-01;0.0000000000000000e+00
1099;0;1;8.2500000000000007e-01;6.5000000000000002e-01;0.0000000000000000e+00
1100;0;1;8.5000000000000009e-01;6.5000000000000002e-01;0.0000000000000000e+00
1101;0;1;8.7500000000000000e-01;6.5000000000000002e-01;0.0000000000000000e+00
1102;0;1;9.0000000000000002e-01;6.5000000000000002e-01;0.0000000000000000e+00
1103;0;1;9.2500000000000004e-01;6.5000000000000002e-01;0.0000000000000000e+00
1104;0;1;9.5000000000000007e-01;6.5000000000000002e-01;0.0000000000000000e+00
1105;0;1;9.7500000000000009e-01;6.5000000000000002e-01;0.0000000000000000e+00
1106;6;1;1.0000000000000000e+00;6.5000000000000002e-01;0.0000000000000000e+00
1107;8;1;0.0000000000000000e+00;6.7500000000000004e-01;0.0000000000000000e+00
1108;0;1;2.5000000000000001e-02;6.7500000000000004e-01;0.0000000000000000e+00
1109;0;1;5.0000000000000003e-02;6.7500000000000004e-01;0.0000000000000000e+00
1110;0;1;7.5000000000000011e-02;6.7500000000000004e-01;0.0000000000000000e+00
1111;0;1;1.0000000000000001e-01;6.7500000000000004e-01;0.0000000000000000e+00
1112;0;1;1.2500000000000000e-01;6.7500000000000004e-01;0.0000000000000000e+00
1113;0;1;1.5000000000000002e-01;6.7500000000000004e-01;0.0000000000000000e+00
1114;0;1;1.7500000000000002e-01;6.7500000000000004e-01;0.0000000000000000e+00
1115;0;1;2.0000000000000001e-01;6.7500000000000004e-01;0.0000000000000000e+00
1116;0;1;2.2500000000000001e-01;6.7500000000000004e-01;0.0000000000000000e+00
1117;0;1;2.5000000000000000e-01;6.7500000000000004e-01;0.0000000000000000e+00
1118;0;1;2.7500000000000002e-01;6.7500000000000004e-01;0.0000000000000000e+00
1119;0;1;3.0000000000000004e-01;6.7500000000000004e-01;0.0000000000000000e+00
1120;0;1;3.2500000000000001e-01;6.7500000000000004e-01;0.0000000000000000e+00
1121;0;1;3.5000000000000003e-01;6.7500000000000004e-01;0.0000000000000000e+00
1122;0;1;3.7500000000000000e-01;6.7500000000000004e-01;0.0000000000000000e+00
1123;0;1;4.0000000000000002e-01;6.7500000000000004e-01;0.0000000000000000e+00
1124;0;1;4.2500000000000004e-01;6.7500000000000004e-01;0.0000000000000000e+00
1125;0;1;4.5000000000000001e-01;6.7500000000000004e-01;0.0000000000000000e+00
1126;0;1;4.7500000000000003e-01;6.7500000000000004e-01;0.0000000000000000e+00
1127;0;1;5.0000000000000000e-01;6.7500000000000004e-01;0.0000000000000000e+00
1128;0;1;5.2500000000000002e-01;6.7500000000000004e-01;0.0000000000000000e+00
1129;0;1;5.5000000000000004e-01;6.7500000000000004e-01;0.0000000000000000e+00
1130;0;1;5.7500000000000007e-01;6.7500000000000004e-01;0.0000000000000000e+00
1131;0;1;6.0000000000000009e-01;6.7500000000000004e-01;0.0000000000000000e+00
1132;0;1;6.2500000000000000e-01;6.7500000000000004e-01;0.0000000000000000e+00
1133;0;1;6.5000000000000002e-01;6.7500000000000004e-01;0.0000000000000000e+00
1134;0;1;6.7500000000000004e-01;6.7500000000000004e-01;0.0000000000000000e+00
1135;0;1;7.0000000000000007e-01;6.7500000000000004e-01;0.0000000000000000e+00
1136;0;1;7.2500000000000009e-01;6.7500000000000004e-01;0.0000000000000000e+00
1137;0;1;7.5000000000000000e-01;6.7500000000000004e-01;0.0000000000000000e+00
1138;0;1;7.7500000000000002e-01;6.7500000000000004e-01;0.0000000000000000e+00
1139;0;1;8.0000000000000004e-01;6.7500000000000004e-01;0.0000000000000000e+00
1140;0;1;8.2500000000000007e-01;6.7500000000000004e-01;0.0000000000000000e+00
1141;0;1;8.5000000000000009e-01;6.7500000000000004e-01;0.0000000000000000e+00
1142;0;1;8.7500000000000000e-01;6.7500000000000004e-01;0.0000000000000000e+00
1143;0;1;9.0000000000000002e-01;6.7500000000000004e-01;0.0000000000000000e+00
1144;0;1;9.2500000000000004e-01;6.7500000000000004e-01;0.0000000000000000e+00
1145;0;1;9.5000000000000007e-01;6.7500000000000004e-01;0.0000000000000000e+00
1146;0;1;9.7500000000000009e-01;6.7500000000000004e-01;0.0000000000000000e+00
1147;6;1;1.0000000000000000e+00;6.7500000000000004e-01;0.0000000000000000e+00
1148;8;1;0.0000000000000000e+00;7.0000000000000007e-01;0.0000000000000000e+00
1149;0;1;2.5000000000000001e-02;7.0000000000000007e-01;0.0000000000000000e+00
1150;0;1;5.0000000000000003e-02;7.0000000000000007e-01;0.0000000000000000e+00
1151;0;1;7.5000000000000011e-02;7.0000000000000007e-01;0.0000000000000000e+00
1152;0;1;1.0000000000000001e-01;7.0000000000000007e-01;0.0000000000000000e+00
1153;0;1;1.2500000000000000e-01;7.0000000000000007e-01;0.0000000000000000e+00
1154;0;1;1.5000000000000002e-01;7.0000000000000007e-01;0.0000000000000000e+00
1155;0;1;1.7500000000000002e-01;7.0000000000000007e-01;0.0000000000000000e+00
1156;0;1;2.0000000000000001e-01;7.0000000000000007e-01;0.0000000000000000e+00
1157;0;1;2.2500000000000001e-01;7.0000000000000007e-01;0.0000000000000000e+00
1158;0;1;2.5000000000000000e-01;7.0000000000000007e-01;0.0000000000000000e+00
1159;0;1;2.7500000000000002e-01;7.0000000000000007e-01;0.0000000000000000e+00
1160;0;1;3.0000000000000004e-01;7.0000000000000007e-01;0.0000000000000000e+00
1161;0;1;3.2500000000000001e-01;7.0000000000000007e-01;0.0000000000000000e+00
1162;0;1;3.5000000000000003e-01;7.0000000000000007e-01;0.0000000000000000e+00
1163;0;1;3.7500000000000000e-01;7.0000000000000007e-01;0.0000000000000000e+00
1164;0;1;4.0000000000000002e-01;7.0000000000000007e-01;0.0000000000000000e+00
1165;0;1;4.2500000000000004e-01;7.0000000000000007e-01;0.0000000000000000e+00
1166;0;1;4.5000000000000001e-01;7.0000000000000007e-01;0.0000000000000000e+00
1167;0;1;4.7500000000000003e-01;7.0000000000000007e-01;0.0000000000000000e+00
1168;0;1;5.0000000000000000e-01;7.0000000000000007e-01;0.0000000000000000e+00
1169;0;1;5.2500000000000002e-01;7.0000000000000007e-01;0.0000000000000000e+00
1170;0;1;5.5000000000000004e-01;7.0000000000000007e-01;0.0000000000000000e+00
1171;0;1;5.7500000000000007e-01;7.0000000000000007e-01;0.0000000000000000e+00
1172;0;1;6.0000000000000009e-01;7.0000000000000007e-01;0.0000000000000000e+00
1173;0;1;6.2500000000000000e-01;7.0000000000000007e-01;0.0000000000000000e+00
1174;0;1;6.5000000000000002e-01;7.0000000000000007e-01;0.0000000000000000e+00
1175;0;1;6.7500000000000004e-01;7.0000000000000007e-01;0.0000000000000000e+00
1176;0;1;7.0000000000000007e-01;7.0000000000000007e-01;0.0000000000000000e+00
1177;0;1;7.2500000000000009e-01;7.0000000000000007e-01;0.0000000000000000e+00
1178;0;1;7.5000000000000000e-01;7.0000000000000007e-01;0.0000000000000000e+00
1179;0;1;7.7500000000000002e-01;7.0000000000000007e-01;0.0000000000000000e+00
1180;0;1;8.0000000000000004e-01;7.0000000000000007e-01;0.0000000000000000e+00
1181;0;1;8.2500000000000007e-01;7.0000000000000007e-01;0.0000000000000000e+00
1182;0;1;8.5000000000000009e-01;7.0000000000000007e-01;0.0000000000000000e+00
1183;0;1;8.7500000000000000e-01;7.0000000000000007e-01;0.0000000000000000e+00
1184;0;1;9.0000000000000002e-01;7.0000000000000007e-01;0.0000000000000000e+00
1185;0;1;9.2500000000000004e-01;7.0000000000000007e-01;0.0000000000000000e+00
1186;0;1;9.5000000000000007e-01;7.0000000000000007e-01;0.0000000000000000e+00
1187;0;1;9.7500000000000009e-01;7.0000000000000007e-01;0.0000000000000000e+00
1188;6;1;1.0000000000000000e+00;7.0000000000000007e-01;0.0000000000000000e+00
1189;8;1;0.0000000000000000e+00;7.2500000000000009e-01;0.0000000000000000e+00
1190;0;1;2.5000000000000001e-02;7.2500000000000009e-01;0.0000000000000000e+00
1191;0;1;5.0000000000000003e-02;7.2500000000000009e-01;0.0000000000000000e+00
1192;0;1;7.5000000000000011e-02;7.2500000000000009e-01;0.0000000000000000e+00
1193;0;1;1.0000000000000001e-01;7.2500000000000009e-01;0.0000000000000000e+00
1194;0;1;1.2500000000000000e-01;7.2500000000000009e-01;0.0000000000000000e+00
1195;0;1;1.5000000000000002e-01;7.2500000000000009e-01;0.0000000000000000e+00
1196;0;1;1.7500000000000002e-01;7.2500000000000009e-01;0.0000000000000000e+00
1197;0;1;2.0000000000000001e-01;7.2500000000000009e-01;0.0000000000000000e+00
1198;0;1;2.2500000000000001e-01;7.2500000000000009e-01;0.0000000000000000e+00
1199;0;1;2.5000000000000000e-01;7.2500000000000009e-01;0.0000000000000000e+00
1200;0;1;2.7500000000000002e-01;7.2500000000000009e-01;0.0000000000000000e+00
1201;0;1;3.0000000000000004e-01;7.2500000000000009e-01;0.0000000000000000e+00
1202;0;1;3.2500000000000001e-01;7.2500000000000009e-01;0.0000000000000000e+00
1203;0;1;3.5000000000000003e-01;7.2500000000000009e-01;0.0000000000000000e+00
1204;0;1;3.7500000000000000e-01;7.2500000000000009e-01;0.0000000000000000e+00
1205;0;1;4.0000000000000002e-01;7.2500000000000009e-01;0.0000000000000000e+00
1206;0;1;4.2500000000000004e-01;7.2500000000000009e-01;0.0000000000000000e+00
1207;0;1;4.5000000000000001e-01;7.2500000000000009e-01;0.0000000000000000e+00
1208;0;1;4.7500000000000003e-01;7.2500000000000009e-01;0.0000000000000000e+00
1209;0;1;5.0000000000000000e-01;7.2500000000000009e-01;0.0000000000000000e+00
1210;0;1;5.2500000000000002e-01;7.2500000000000009e-01;0.0000000000000000e+00
1211;0;1;5.5000000000000004e-01;7.2500000000000009e-01;0.0000000000000000e+00
1212;0;1;5.7500000000000007e-01;7.2500000000000009e-01;0.0000000000000000e+00
1213;0;1;6.0000000000000009e-01;7.2500000000000009e-01;0.0000000000000000e+00
1214;0;1;6.2500000000000000e-01;7.2500000000000009e-01;0.0000000000000000e+00
1215;0;1;6.5000000000000002e-01;7.2500000000000009e-01;0.0000000000000000e+00
1216;0;1;6.7500000000000004e-01;7.2500000000000009e-01;0.0000000000000000e+00
1217;0;1;7.0000000000000007e-01;7.2500000000000009e-01;0.0000000000000000e+00
1218;0;1;7.2500000000000009e-01;7.2500000000000009e-01;0.0000000000000000e+00
1219;0;1;7.5000000000000000e-01;7.2500000000000009e-01;0.0000000000000000e+00
1220;0;1;7.7500000000000002e-01;7.2500000000000009e-01;0.0000000000000000e+00
1221;0;1;8.0000000000000004e-01;7.2500000000000009e-01;0.0000000000000000e+00
1222;0;1;8.2500000000000007e-01;7.2500000000000009e-01;0.0000000000000000e+00
1223;0;1;8.5000000000000009e-01;7.2500000000000009e-01;0.0000000000000000e+00
1224;0;1;8.7500000000000000e-01;7.2500000000000009e-01;0.0000000000000000e+00
1225;0;1;9.0000000000000002e-01;7.2500000000000009e-01;0.0000000000000000e+00
1226;0;1;9.2500000000000004e-01;7.2500000000000009e-01;0.0000000000000000e+00
1227;0;1;9.5000000000000007e-01;7.2500000000000009e-01;0.0000000000000000e+00
1228;0;1;9.7500000000000009e-01;7.2500000000000009e-01;0.0000000000000000e+00
1229;6;1;1.0000000000000000e+00;7.2500000000000009e-01;0.0000000000000000e+00
1230;8;1;0.0000000000000000e+00;7.5000000000000000e-01;0.0000000000000000e+00
1231;0;1;2.5000000000000001e-02;7.5000000000000000e-01;0.0000000000000000e+00
1232;0;1;5.0000000000000003e-02;7.5000000000000000e-01;0.0000000000000000e+00
1233;0;1;7.5000000000000011e-02;7.5000000000000000e-01;0.0000000000000000e+00
1234;0;1;1.0000000000000001e-01;7.5000000000000000e-01;0.0000000000000000e+00
1235;0;1;1.2500000000000000e-01;7.5000000000000000e-01;0.0000000000000000e+00
1236;0;1;1.5000000000000002e-01;7.5000000000000000e-01;0.0000000000000000e+00
1237;0;1;1.7500000000000002e-01;7.5000000000000000e-01;0.0000000000000000e+00
1238;0;1;2.0000000000000001e-01;7.5000000000000000e-01;0.0000000000000000e+00
1239;0;1;2.2500000000000001e-01;7.5000000000000000e-01;0.0000000000000000e+00
1240;0;1;2.5000000000000000e-01;7.5000000000000000e-01;0.0000000000000000e+00
1241;0;1;2.7500000000000002e-01;7.5000000000000000e-01;0.0000000000000000e+00
1242;0;1;3.0000000000000004e-01;7.5000000000000000e-01;0.0000000000000000e+00
1243;0;1;3.2500000000000001e-01;7.5000000000000000e-01;0.0000000000000000e+00
1244;0;1;3.5000000000000003e-01;7.5000000000000000e-01;0.0000000000000000e+00
1245;0;1;3.7500000000000000e-01;7.5000000000000000e-01;0.0000000000000000e+00
1246;0;1;4.0000000000000002e-01;7.5000000000000000e-01;0.0000000000000000e+00
1247;0;1;4.2500000000000004e-01;7.5000000000000000e-01;0.0000000000000000e+00
1248;0;1;4.5000000000000001e-01;7.5000000000000000e-01;0.0000000000000000e+00
1249;0;1;4.7500000000000003e-01;7.5000000000000000e-01;0.0000000000000000e+00
1250;0;1;5.0000000000000000e-01;7.5000000000000000e-01;0.0000000000000000e+00
1251;0;1;5.2500000000000002e-01;7.5000000000000000e-01;0.0000000000000000e+00
1252;0;1;5.5000000000000004e-01;7.5000000000000000e-01;0.0000000000000000e+00
1253;0;1;5.7500000000000007e-01;7.5000000000000000e-01;0.0000000000000000e+00
1254;0;1;6.0000000000000009e-01;7.5000000000000000e-01;0.0000000000000000e+00
1255;0;1;6.2500000000000000e-01;7.5000000000000000e-01;0.0000000000000000e+00
1256;0;1;6.5000000000000002e-01;7.5000000000000000e-01;0.0000000000000000e+00
1257;0;1;6.7500000000000004e-01;7.5000000000000000e-01;0.0000000000000000e+00
1258;0;1;7.0000000000000007e-01;7.5000000000000000e-01;0.0000000000000000e+00
1259;0;1;7.2500000000000009e-01;7.5000000000000000e-01;0.0000000000000000e+00
1260;0;1;7.5000000000000000e-01;7.5000000000000000e-01;0.0000000000000000e+00
1261;0;1;7.7500000000000002e-01;7.5000000000000000e-01;0.0000000000000000e+00
1262;0;1;8.0000000000000004e-01;7.5000000000000000e-01;0.0000000000000000e+00
1263;0;1;8.2500000000000007e-01;7.5000000000000000e-01;0.0000000000000000e+00
1264;0;1;8.5000000000000009e-01;7.5000000000000000e-01;0.0000000000000000e+00
1265;0;1;8.7500000000000000e-01;7.5000000000000000e-01;0.0000000000000000e+00
1266;0;1;9.0000000000000002e-01;7.5000000000000000e-01;0.0000000000000000e+00
1267;0;1;9.2500000000000004e-01;7.5000000000000000e-01;0.0000000000000000e+00
1268;0;1;9.5000000000000007e-01;7.5000000000000000e-01;0.0000000000000000e+00
1269;0;1;9.7500000000000009e-01;7.5000000000000000e-01;0.0000000000000000e+00
1270;6;1;1.0000000000000000e+00;7.5000000000000000e-01;0.0000000000000000e+00
1271;8;1;0.0000000000000000e+00;7.7500000000000002e-01;0.0000000000000000e+00
1272;0;1;2.5000000000000001e-02;7.7500000000000002e-01;0.0000000000000000e+00
1273;0;1;5.0000000000000003e-02;7.7500000000000002e-01;0.0000000000000000e+00
1274;0;1;7.5000000000000011e-02;7.7500000000000002e-01;0.0000000000000000e+00
1275;0;1;1.0000000000000001e-01;7.7500000000000002e-01;0.0000000000000000e+00
1276;0;1;1.2500000000000000e-01;7.7500000000000002e-01;0.0000000000000000e+00
1277;0;1;1.5000000000000002e-01;7.7500000000000002e-01;0.0000000000000000e+00
1278;0;1;1.7500000000000002e-01;7.7500000000000002e-01;0.0000000000000000e+00
1279;0;1;2.0000000000000001e-01;7.7500000000000002e-01;0.0000000000000000e+00
1280;0;1;2.2500000000000001e-01;7.7500000000000002e-01;0.0000000000000000e+00
1281;0;1;2.5000000000000000e-01;7.7500000000000002e-01;0.0000000000000000e+00
1282;0;1;2.7500000000000002e-01;7.7500000000000002e-01;0.0000000000000000e+00
1283;0;1;3.0000000000000004e-01;7.7500000000000002e-01;0.0000000000000000e+00
1284;0;1;3.2500000000000001e-01;7.7500000000000002e-01;0.0000000000000000e+00
1285;0;1;3.5000000000000003e-01;7.7500000000000002e-01;0.0000000000000000e+00
1286;0;1;3.7500000000000000e-01;7.7500000000000002e-01;0.0000000000000000e+00
1287;0;1;4.0000000000000002e-01;7.7500000000000002e-01;0.0000000000000000e+00
1288;0;1;4.2500000000000004e-01;7.7500000000000002e-01;0.0000000000000000e+00
1289;0;1;4.5000000000000001e-01;7.7500000000000002e-01;0.0000000000000000e+00
1290;0;1;4.7500000000000003e-01;7.7500000000000002e-01;0.0000000000000000e+00
1291;0;1;5.0000000000000000e-01;7.7500000000000002e-01;0.0000000000000000e+00
1292;0;1;5.2500000000000002e-01;7.7500000000000002e-01;0.0000000000000000e+00
1293;0;1;5.5000000000000004e-01;7.7500000000000002e-01;0.0000000000000000e+00
1294;0;1;5.7500000000000007e-01;7.7500000000000002e-01;0.0000000000000000e+00
1295;0;1;6.0000000000000009e-01;7.7500000000000002e-01;0.0000000000000000e+00
1296;0;1;6.2500000000000000e-01;7.7500000000000002e-01;0.0000000000000000e+00
1297;0;1;6.5000000000000002e-01;7.7500000000000002e-01;0.0000000000000000e+00
1298;0;1;6.7500000000000004e-01;7.7500000000000002e-01;0.0000000000000000e+00
1299;0;1;7.0000000000000007e-01;7.7500000000000002e-01;0.0000000000000000e+00
1300;0;1;7.2500000000000009e-01;7.7500000000000002e-01;0.0000000000000000e+00
1301;0;1;7.5000000000000000e-01;7.7500000000000002e-01;0.0000000000000000e+00
1302;0;1;7.7500000000000002e-01;7.7500000000000002e-01;0.0000000000000000e+00
1303;0;1;8.0000000000000004e-01;7.7500000000000002e-01;0.0000000000000000e+00
1304;0;1;8.2500000000000007e-01;7.7500000000000002e-01;0.0000000000000000e+00
1305;0;1;8.5000000000000009e-01;7.7500000000000002e-01;0.0000000000000000e+00
1306;0;1;8.7500000000000000e-01;7.7500000000000002e-01;0.0000000000000000e+00
1307;0;1;9.0000000000000002e-01;7.7500000000000002e-01;0.0000000000000000e+00
1308;0;1;9.2500000000000004e-01;7.7500000000000002e-01;0.0000000000000000e+00
1309;0;1;9.5000000000000007e-01;7.7500000000000002e-01;0.0000000000000000e+00
1310;0;1;9.7500000000000009e-01;7.7500000000000002e-01;0.0000000000000000e+00
1311;6;1;1.0000000000000000e+00;7.7500000000000002e-01;0.0000000000000000e+00
1312;8;1;0.0000000000000000e+00;8.0000000000000004e-01;0.0000000000000000e+00
1313;0;1;2.5000000000000001e-02;8.0000000000000004e-01;0.0000000000000000e+00
1314;0;1;5.0000000000000003e-02;8.0000000000000004e-01;0.0000000000000000e+00
1315;0;1;7.5000000000000011e-02;8.0000000000000004e-01;0.0000000000000000e+00
1316;0;1;1.0000000000000001e-01;8.0000000000000004e-01;0.0000000000000000e+00
1317;0;1;1.2500000000000000e-01;8.0000000000000004e-01;0.0000000000000000e+00
1318;0;1;1.5000000000000002e-01;8.0000000000000004e-01;0.0000000000000000e+00
1319;0;1;1.7500000000000002e-01;8.0000000000000004e-01;0.0000000000000000e+00
1320;0;1;2.0000000000000001e-01;8.0000000000000004e-01;0.0000000000000000e+00
1321;0;1;2.2500000000000001e-01;8.0000000000000004e-01;0.0000000000000000e+00
1322;0;1;2.5000000000000000e-01;8.0000000000000004e-01;0.0000000000000000e+00
1323;0;1;2.7500000000000002e-01;8.0000000000000004e-01;0.0000000000000000e+00
1324;0;1;3.0000000000000004e-01;8.0000000000000004e-01;0.0000000000000000e+00
1325;0;1;3.2500000000000001e-01;8.0000000000000004e-01;0.0000000000000000e+00
1326;0;1;3.5000000000000003e-01;8.0000000000000004e-01;0.0000000000000000e+00
1327;0;1;3.7500000000000000e-01;8.0000000000000004e-01;0.0000000000000000e+00
1328;0;1;4.0000000000000002e-01;8.0000000000000004e-01;0.0000000000000000e+00
1329;0;1;4.2500000000000004e-01;8.0000000000000004e-01;0.0000000000000000e+00
1330;0;1;4.5000000000000001e-01;8.0000000000000004e-01;0.0000000000000000e+00
1331;0;1;4.7500000000000003e-01;8.0000000000000004e-01;0.0000000000000000e+00
1332;0;1;5.0000000000000000e-01;8.0000000000000004e-01;0.0000000000000000e+00
1333;0;1;5.2500000000000002e-01;8.0000000000000004e-01;0.0000000000000000e+00
1334;0;1;5.5000000000000004e-01;8.0000000000000004e-01;0.0000000000000000e+00
1335;0;1;5.7500000000000007e-01;8.0000000000000004e-01;0.0000000000000000e+00
1336;0;1;6.0000000000000009e-01;8.0000000000000004e-01;0.0000000000000000e+00
1337;0;1;6.2500000000000000e-01;8.0000000000000004e-01;0.0000000000000000e+00
1338;0;1;6.5000000000000002e-01;8.0000000000000004e-01;0.0000000000000000e+00
1339;0;1;6.7500000000000004e-01;8.0000000000000004e-01;0.0000000000000000e+00
1340;0;1;7.0000000000000007e-01;8.0000000000000004e-01;0.0000000000000000e+00
1341;0;1;7.2500000000000009e-01;8.0000000000000004e-01;0.0000000000000000e+00
1342;0;1;7.5000000000000000e-01;8.0000000000000004e-01;0.0000000000000000e+00
1343;0;1;7.7500000000000002e-01;8.0000000000000004e-01;0.0000000000000000e+00
1344;0;1;8.0000000000000004e-01;8.0000000000000004e-01;0.0000000000000000e+00
1345;0;1;8.2500000000000007e-01;8.0000000000000004e-01;0.0000000000000000e+00
1346;0;1;8.5000000000000009e-01;8.0000000000000004e-01;0.0000000000000000e+00
1347;0;1;8.7500000000000000e-01;8.0000000000000004e-01;0.0000000000000000e+00
1348;0;1;9.0000000000000002e-01;8.0000000000000004e-01;0.0000000000000000e+00
1349;0;1;9.2500000000000004e-01;8.0000000000000004e-01;0.0000000000000000e+00
1350;0;1;9.5000000000000007e-01;8.0000000000000004e-01;0.0000000000000000e+00
1351;0;1;9.7500000000000009e-01;8.0000000000000004e-01;0.0000000000000000e+00
1352;6;1;1.0000000000000000e+00;8.0000000000000004e-01;0.0000000000000000e+00
1353;8;1;0.0000000000000000e+00;8.2500000000000007e-01;0.0000000000000000e+00
1354;0;1;2.5000000000000001e-02;8.2500000000000007e-01;0.0000000000000000e+00
1355;0;1;5.0000000000000003e-02;8.2500000000000007e-01;0.0000000000000000e+00
1356;0;1;7.5000000000000011e-02;8.2500000000000007e-01;0.0000000000000000e+00
1357;0;1;1.0000000000000001e-01;8.2500000000000007e-01;0.0000000000000000e+00
1358;0;1;1.2500000000000000e-01;8.2500000000000007e-01;0.0000000000000000e+00
1359;0;1;1.5000000000000002e-01;8.2500000000000007e-01;0.0000000000000000e+00
1360;0;1;1.7500000000000002e-01;8.2500000000000007e-01;0.0000000000000000e+00
1361;0;1;2.0000000000000001e-01;8.2500000000000007e-01;0.0000000000000000e+00
1362;0;1;2.2500000000000001e-01;8.2500000000000007e-01;0.0000000000000000e+00
1363;0;1;2.5000000000000000e-01;8.2500000000000007e-01;0.0000000000000000e+00
1364;0;1;2.7500000000000002e-01;8.2500000000000007e-01;0.0000000000000000e+00
1365;0;1;3.0000000000000004e-01;8.2500000000000007e-01;0.0000000000000000e+00
1366;0;1;3.2500000000000001e-01;8.2500000000000007e-01;0.0000000000000000e+00
1367;0;1;3.5000000000000003e-01;8.2500000000000007e-01;0.0000000000000000e+00
1368;0;1;3.7500000000000000e-01;8.2500000000000007e-01;0.0000000000000000e+00
1369;0;1;4.0000000000000002e-01;8.2500000000000007e-01;0.0000000000000000e+00
1370;0;1;4.2500000000000004e-01;8.2500000000000007e-01;0.0000000000000000e+00
1371;0;1;4.5000000000000001e-01;8.2500000000000007e-01;0.0000000000000000e+00
1372;0;1;4.7500000000000003e-01;8.2500000000000007e-01;0.0000000000000000e+00
1373;0;1;5.0000000000000000e-01;8.2500000000000007e-01;0.0000000000000000e+00
1374;0;1;5.2500000000000002e-01;8.2500000000000007e-01;0.0000000000000000e+00
1375;0;1;5.5000000000000004e-01;8.2500000000000007e-01;0.0000000000000000e+00
1376;0;1;5.7500000000000007e-01;8.2500000000000007e-01;0.0000000000000000e+00
1377;0;1;6.0000000000000009e-01;8.2500000000000007e-01;0.0000000000000000e+00
1378;0;1;6.2500000000000000e-01;8.2500000000000007e-01;0.0000000000000000e+00
1379;0;1;6.5000000000000002e-01;8.2500000000000007e-01;0.0000000000000000e+00
1380;0;1;6.7500000000000004e-01;8.2500000000000007e-01;0.0000000000000000e+00
1381;0;1;7.0000000000000007e-01;8.2500000000000007e-01;0.0000000000000000e+00
1382;0;1;7.2500000000000009e-01;8.2500000000000007e-01;0.0000000000000000e+00
1383;0;1;7.5000000000000000e-01;8.2500000000000007e-01;0.0000000000000000e+00
1384;0;1;7.7500000000000002e-01;8.2500000000000007e-01;0.0000000000000000e+00
1385;0;1;8.0000000000000004e-01;8.2500000000000007e-01;0.0000000000000000e+00
1386;0;1;8.2500000000000007e-01;8.2500000000000007e-01;0.0000000000000000e+00
1387;0;1;8.5000000000000009e-01;8.2500000000000007e-01;0.0000000000000000e+00
1388;0;1;8.7500000000000000e-01;8.2500000000000007e-01;0.0000000000000000e+00
1389;0;1;9.0000000000000002e-01;8.2500000000000007e-01;0.0000000000000000e+00
1390;0;1;9.2500000000000004e-01;8.2500000000000007e-01;0.0000000000000000e+00
1391;0;1;9.5000000000000007e-01;8.2500000000000007e-01;0.0000000000000000e+00
1392;0;1;9.7500000000000009e-01;8.2500000000000007e-01;0.0000000000000000e+00
1393;6;1;1.0000000000000000e+00;8.2500000000000007e-01;0.0000000000000000e+00
1394;8;1;0.0000000000000000e+00;8.5000000000000009e-01;0.0000000000000000e+00
1395;0;1;2.5000000000000001e-02;8.5000000000000009e-01;0.0000000000000000e+00
1396;0;1;5.0000000000000003e-02;8.5000000000000009e-01;0.0000000000000000e+00
1397;0;1;7.5000000000000011e-02;8.5000000000000009e-01;0.0000000000000000e+00
1398;0;1;1.0000000000000001e-01;8.5000000000000009e-01;0.0000000000000000e+00
1399;0;1;1.2500000000000000e-01;8.5000000000000009e-01;0.0000000000000000e+00
1400;0;1;1.5000000000000002e-01;8.5000000000000009e-01;0.0000000000000000e+00
1401;0;1;1.7500000000000002e-01;8.5000000000000009e-01;0.0000000000000000e+00
1402;0;1;2.0000000000000001e-01;8.5000000000000009e-01;0.0000000000000000e+00
1403;0;1;2.2500000000000001e-01;8.5000000000000009e-01;0.0000000000000000e+00
1404;0;1;2.5000000000000000e-01;8.5000000000000009e-01;0.0000000000000000e+00
1405;0;1;2.7500000000000002e-01;8.5000000000000009e-01;0.0000000000000000e+00
1406;0;1;3.0000000000000004e-01;8.5000000000000009e-01;0.0000000000000000e+00
1407;0;1;3.2500000000000001e-01;8.5000000000000009e-01;0.0000000000000000e+00
1408;0;1;3.5000000000000003e-01;8.5000000000000009e-01;0.0000000000000000e+00
1409;0;1;3.7500000000000000e-01;8.5000000000000009e-01;0.0000000000000000e+00
1410;0;1;4.0000000000000002e-01;8.5000000000000009e-01;0.0000000000000000e+00
1411;0;1;4.2500000000000004e-01;8.5000000000000009e-01;0.0000000000000000e+00
1412;0;1;4.5000000000000001e-01;8.5000000000000009e-01;0.0000000000000000e+00
1413;0;1;4.7500000000000003e-01;8.5000000000000009e-01;0.0000000000000000e+00
1414;0;1;5.0000000000000000e-01;8.5000000000000009e-01;0.0000000000000000e+00
1415;0;1;5.2500000000000002e-01;8.5000000000000009e-01;0.0000000000000000e+00
1416;0;1;5.5000000000000004e-01;8.5000000000000009e-01;0.0000000000000000e+00
1417;0;1;5.7500000000000007e-01;8.5000000000000009e-01;0.0000000000000000e+00
1418;0;1;6.0000000000000009e-01;8.5000000000000009e-01;0.0000000000000000e+00
1419;0;1;6.2500000000000000e-01;8.5000000000000009e-01;0.0000000000000000e+00
1420;0;1;6.5000000000000002e-01;8.5000000000000009e-01;0.0000000000000000e+00
1421;0;1;6.7500000000000004e-01;8.5000000000000009e-01;0.0000000000000000e+00
1422;0;1;7.0000000000000007e-01;8.5000000000000009e-01;0.0000000000000000e+00
1423;0;1;7.2500000000000009e-01;8.5000000000000009e-01;0.0000000000000000e+00
1424;0;1;7.5000000000000000e-01;8.5000000000000009e-01;0.0000000000000000e+00
1425;0;1;7.7500000000000002e-01;8.5000000000000009e-01;0.0000000000000000e+00
1426;0;1;8.0000000000000004e-01;8.5000000000000009e-01;0.0000000000000000e+00
1427;0;1;8.2500000000000007e-01;8.5000000000000009e-01;0.0000000000000000e+00
1428;0;1;8.5000000000000009e-01;8.5000000000000009e-01;0.0000000000000000e+00
1429;0;1;8.7500000000000000e-01;8.5000000000000009e-01;0.0000000000000000e+00
1430;0;1;9.0000000000000002e-01;8.5000000000000009e-01;0.0000000000000000e+00
1431;0;1;9.2500000000000004e-01;8.5000000000000009e-01;0.0000000000000000e+00
1432;0;1;9.5000000000000007e-01;8.5000000000000009e-01;0.0000000000000000e+00
1433;0;1;9.7500000000000009e-01;8.5000000000000009e-01;0.0000000000000000e+00
1434;6;1;1.0000000000000000e+00;8.5000000000000009e-01;0.0000000000000000e+00
1435;8;1;0.0000000000000000e+00;8.7500000000000000e-01;0.0000000000000000e+00
1436;0;1;2.5000000000000001e-02;8.7500000000000000e-01;0.0000000000000000e+00
1437;0;1;5.0000000000000003e-02;8.7500000000000000e-01;0.0000000000000000e+00
1438;0;1;7.5000000000000011e-02;8.7500000000000000e-01;0.0000000000000000e+00
1439;0;1;1.0000000000000001e-01;8.7500000000000000e-01;0.0000000000000000e+00
1440;0;1;1.2500000000000000e-01;8.7500000000000000e-01;0.0000000000000000e+00
1441;0;1;1.5000000000000002e-01;8.7500000000000000e-01;0.0000000000000000e+00
1442;0;1;1.7500000000000002e-01;8.7500000000000000e-01;0.0000000000000000e+00
1443;0;1;2.0000000000000001e-01;8.7500000000000000e-01;0.0000000000000000e+00
1444;0;1;2.2500000000000001e-01;8.7500000000000000e-01;0.0000000000000000e+00
1445;0;1;2.5000000000000000e-01;8.7500000000000000e-01;0.0000000000000000e+00
1446;0;1;2.7500000000000002e-01;8.7500000000000000e-01;0.0000000000000000e+00
1447;0;1;3.0000000000000004e-01;8.7500000000000000e-01;0.0000000000000000e+00
1448;0;1;3.2500000000000001e-01;8.7500000000000000e-01;0.0000000000000000e+00
1449;0;1;3.5000000000000003e-01;8.7500000000000000e-01;0.0000000000000000e+00
1450;0;1;3.7500000000000000e-01;8.7500000000000000e-01;0.0000000000000000e+00
1451;0;1;4.0000000000000002e-01;8.7500000000000000e-01;0.0000000000000000e+00
1452;0;1;4.2500000000000004e-01;8.7500000000000000e-01;0.0000000000000000e+00
1453;0;1;4.5000000000000001e-01;8.7500000000000000e-01;0.0000000000000000e+00
1454;0;1;4.7500000000000003e-01;8.7500000000000000e-01;0.0000000000000000e+00
1455;0;1;5.0000000000000000e-01;8.7500000000000000e-01;0.0000000000000000e+00
1456;0;1;5.2500000000000002e-01;8.7500000000000000e-01;0.0000000000000000e+00
1457;0;1;5.5000000000000004e-01;8.7500000000000000e-01;0.0000000000000000e+00
1458;0;1;5.7500000000000007e-01;8.7500000000000000e-01;0.0000000000000000e+00
1459;0;1;6.0000000000000009e-01;8.7500000000000000e-01;0.0000000000000000e+00
1460;0;1;6.2500000000000000e-01;8.7500000000000000e-01;0.0000000000000000e+00
1461;0;1;6.5000000000000002e-01;8.7500000000000000e-01;0.0000000000000000e+00
1462;0;1;6.7500000000000004e-01;8.7500000000000000e-01;0.0000000000000000e+00
1463;0;1;7.0000000000000007e-01;8.7500000000000000e-01;0.0000000000000000e+00
1464;0;1;7.2500000000000009e-01;8.7500000000000000e-01;0.0000000000000000e+00
1465;0;1;7.5000000000000000e-01;8.7500000000000000e-01;0.0000000000000000e+00
1466;0;1;7.7500000000000002e-01;8.7500000000000000e-01;0.0000000000000000e+00
1467;0;1;8.0000000000000004e-01;8.7500000000000000e-01;0.0000000000000000e+00
1468;0;1;8.2500000000000007e-01;8.7500000000000000e-01;0.0000000000000000e+00
1469;0;1;8.5000000000000009e-01;8.7500000000000000e-01;0.0000000000000000e+00
1470;0;1;8.7500000000000000e-01;8.7500000000000000e-01;0.0000000000000000e+00
1471;0;1;9.0000000000000002e-01;8.7500000000000000e-01;0.0000000000000000e+00
1472;0;1;9.2500000000000004e-01;8.7500000000000000e-01;0.0000000000000000e+00
1473;0;1;9.5000000000000007e-01;8.7500000000000000e-01;0.0000000000000000e+00
1474;0;1;9.7500000000000009e-01;8.7500000000000000e-01;0.0000000000000000e+00
1475;6;1;1.0000000000000000e+00;8.7500000000000000e-01;0.0000000000000000e+00
1476;8;1;0.0000000000000000e+00;9.0000000000000002e-01;0.0000000000000000e+00
1477;0;1;2.5000000000000001e-02;9.0000000000000002e-01;0.0000000000000000e+00
1478;0;1;5.0000000000000003e-02;9.0000000000000002e-01;0.0000000000000000e+00
1479;0;1;7.5000000000000011e-02;9.0000000000000002e-01;0.0000000000000000e+00
1480;0;1;1.0000000000000001e-01;9.0000000000000002e-01;0.0000000000000000e+00
1481;0;1;1.2500000000000000e-01;9.0000000000000002e-01;0.0000000000000000e+00
1482;0;1;1.5000000000000002e-01;9.0000000000000002e-01;0.0000000000000000e+00
1483;0;1;1.7500000000000002e-01;9.0000000000000002e-01;0.0000000000000000e+00
1484;0;1;2.0000000000000001e-01;9.0000000000000002e-01;0.0000000000000000e+00
1485;0;1;2.2500000000000001e-01;9.0000000000000002e-01;0.0000000000000000e+00
1486;0;1;2.5000000000000000e-01;9.0000000000000002e-01;0.0000000000000000e+00
1487;0;1;2.7500000000000002e-01;9.0000000000000002e-01;0.0000000000000000e+00
1488;0;1;3.0000000000000004e-01;9.0000000000000002e-01;0.0000000000000000e+00
1489;0;1;3.2500000000000001e-01;9.0000000000000002e-01;0.0000000000000000e+00
1490;0;1;3.5000000000000003e-01;9.0000000000000002e-01;0.0000000000000000e+00
1491;0;1;3.7500000000000000e-01;9.0000000000000002e-01;0.0000000000000000e+00
1492;0;1;4.0000000000000002e-01;9.0000000000000002e-01;0.0000000000000000e+00
1493;0;1;4.2500000000000004e-01;9.0000000000000002e-01;0.0000000000000000e+00
1494;0;1;4.5000000000000001e-01;9.0000000000000002e-01;0.0000000000000000e+00
1495;0;1;4.7500000000000003e-01;9.0000000000000002e-01;0.0000000000000000e+00
1496;0;1;5.0000000000000000e-01;9.0000000000000002e-01;0.0000000000000000e+00
1497;0;1;5.2500000000000002e-01;9.0000000000000002e-01;0.0000000000000000e+00
1498;0;1;5.5000000000000004e-01;9.0000000000000002e-01;0.0000000000000000e+00
1499;0;1;5.7500000000000007e-01;9.0000000000000002e-01;0.0000000000000000e+00
1500;0;1;6.0000000000000009e-01;9.0000000000000002e-01;0.0000000000000000e+00
1501;0;1;6.2500000000000000e-01;9.0000000000000002e-01;0.0000000000000000e+00
1502;0;1;6.5000000000000002e-01;9.0000000000000002e-01;0.0000000000000000e+00
1503;0;1;6.7500000000000004e-01;9.0000000000000002e-01;0.0000000000000000e+00
1504;0;1;7.0000000000000007e-01;9.0000000000000002e-01;0.0000000000000000e+00
1505;0;1;7.2500000000000009e-01;9.0000000000000002e-01;0.0000000000000000e+00
1506;0;1;7.5000000000000000e-01;9.0000000000000002e-01;0.0000000000000000e+00
1507;0;1;7.7500000000000002e-01;9.0000000000000002e-01;0.0000000000000000e+00
1508;0;1;8.0000000000000004e-01;9.0000000000000002e-01;0.0000000000000000e+00
1509;0;1;8.2500000000000007e-01;9.0000000000000002e-01;0.0000000000000000e+00
1510;0;1;8.5000000000000009e-01;9.0000000000000002e-01;0.0000000000000000e+00
1511;0;1;8.7500000000000000e-01;9.0000000000000002e-01;0.0000000000000000e+00
1512;0;1;9.0000000000000002e-01;9.0000000000000002e-01;0.0000000000000000e+00
1513;0;1;9.2500000000000004e-01;9.0000000000000002e-01;0.0000000000000000e+00
1514;0;1;9.5000000000000007e-01;9.0000000000000002e-01;0.0000000000000000e+00
1515;0;1;9.7500000000000009e-01;9.0000000000000002e-01;0.0000000000000000e+00
1516;6;1;1.0000000000000000e+00;9.0000000000000002e-01;0.0000000000000000e+00
1517;8;1;0.0000000000000000e+00;9.2500000000000004e-01;0.0000000000000000e+00
1518;0;1;2.5000000000000001e-02;9.2500000000000004e-01;0.0000000000000000e+00
1519;0;1;5.0000000000000003e-02;9.2500000000000004e-01;0.0000000000000000e+00
1520;0;1;7.5000000000000011e-02;9.2500000000000004e-01;0.0000000000000000e+00
1521;0;1;1.0000000000000001e-01;9.2500000000000004e-01;0.0000000000000000e+00
1522;0;1;1.2500000000000000e-01;9.2500000000000004e-01;0.0000000000000000e+00
1523;0;1;1.5000000000000002e-01;9.2500000000000004e-01;0.0000000000000000e+00
1524;0;1;1.7500000000000002e-01;9.2500000000000004e-01;0.0000000000000000e+00
1525;0;1;2.0000000000000001e-01;9.2500000000000004e-01;0.0000000000000000e+00
1526;0;1;2.2500000000000001e-01;9.2500000000000004e-01;0.0000000000000000e+00
1527;0;1;2.5000000000000000e-01;9.2500000000000004e-01;0.0000000000000000e+00
1528;0;1;2.7500000000000002e-01;9.2500000000000004e-01;0.0000000000000000e+00
1529;0;1;3.0000000000000004e-01;9.2500000000000004e-01;0.0000000000000000e+00
1530;0;1;3.2500000000000001e-01;9.2500000000000004e-01;0.0000000000000000e+00
1531;0;1;3.5000000000000003e-01;9.2500000000000004e-01;0.0000000000000000e+00
1532;0;1;3.7500000000000000e-01;9.2500000000000004e-01;0.0000000000000000e+00
1533;0;1;4.0000000000000002e-01;9.2500000000000004e-01;0.0000000000000000e+00
1534;0;1;4.2500000000000004e-01;9.2500000000000004e-01;0.0000000000000000e+00
1535;0;1;4.5000000000000001e-01;9.2500000000000004e-01;0.0000000000000000e+00
1536;0;1;4.7500000000000003e-01;9.2500000000000004e-01;0.0000000000000000e+00
1537;0;1;5.0000000000000000e-01;9.2500000000000004e-01;0.0000000000000000e+00
1538;0;1;5.2500000000000002e-01;9.2500000000000004e-01;0.0000000000000000e+00
1539;0;1;5.5000000000000004e-01;9.2500000000000004e-01;0.0000000000000000e+00
1540;0;1;5.7500000000000007e-01;9.2500000000000004e-01;0.0000000000000000e+00
1541;0;1;6.0000000000000009e-01;9.2500000000000004e-01;0.0000000000000000e+00
1542;0;1;6.2500000000000000e-01;9.2500000000000004e-01;0.0000000000000000e+00
1543;0;1;6.5000000000000002e-01;9.2500000000000004e-01;0.0000000000000000e+00
1544;0;1;6.7500000000000004e-01;9.2500000000000004e-01;0.0000000000000000e+00
1545;0;1;7.0000000000000007e-01;9.2500000000000004e-01;0.0000000000000000e+00
1546;0;1;7.2500000000000009e-01;9.2500000000000004e-01;0.0000000000000000e+00
1547;0;1;7.5000000000000000e-01;9.2500000000000004e-01;0.0000000000000000e+00
1548;0;1;7.7500000000000002e-01;9.2500000000000004e-01;0.0000000000000000e+00
1549;0;1;8.0000000000000004e-01;9.2500000000000004e-01;0.0000000000000000e+00
1550;0;1;8.2500000000000007e-01;9.2500000000000004e-01;0.0000000000000000e+00
1551;0;1;8.5000000000000009e-01;9.2500000000000004e-01;0.0000000000000000e+00
1552;0;1;8.7500000000000000e-01;9.2500000000000004e-01;0.0000000000000000e+00
1553;0;1;9.0000000000000002e-01;9.2500000000000004e-01;0.0000000000000000e+00
1554;0;1;9.2500000000000004e-01;9.2500000000000004e-01;0.0000000000000000e+00
1555;0;1;9.5000000000000007e-01;9.2500000000000004e-01;0.0000000000000000e+00
1556;0;1;9.7500000000000009e-01;9.2500000000000004e-01;0.0000000000000000e+00
1557;6;1;1.0000000000000000e+00;9.2500000000000004e-01;0.0000000000000000e+00
1558;8;1;0.0000000000000000e+00;9.5000000000000007e-01;0.0000000000000000e+00
1559;0;1;2.5000000000000001e-02;9.5000000000000007e-01;0.0000000000000000e+00
1560;0;1;5.0000000000000003e-02;9.5000000000000007e-01;0.0000000000000000e+00
1561;0;1;7.5000000000000011e-02;9.5000000000000007e-01;0.0000000000000000e+00
1562;0;1;1.0000000000000001e-01;9.5000000000000007e-01;0.0000000000000000e+00
1563;0;1;1.2500000000000000e-01;9.5000000000000007e-01;0.0000000000000000e+00
1564;0;1;1.5000000000000002e-01;9.5000000000000007e-01;0.0000000000000000e+00
1565;0;1;1.7500000000000002e-01;9.5000000000000007e-01;0.0000000000000000e+00
1566;0;1;2.0000000000000001e-01;9.5000000000000007e-01;0.0000000000000000e+00
1567;0;1;2.2500000000000001e-01;9.5000000000000007e-01;0.0000000000000000e+00
1568;0;1;2.5000000000000000e-01;9.5000000000000007e-01;0.0000000000000000e+00
1569;0;1;2.7500000000000002e-01;9.5000000000000007e-01;0.0000000000000000e+00
1570;0;1;3.0000000000000004e-01;9.5000000000000007e-01;0.0000000000000000e+00
1571;0;1;3.2500000000000001e-01;9.5000000000000007e-01;0.0000000000000000e+00
1572;0;1;3.5000000000000003e-01;9.5000000000000007e-01;0.0000000000000000e+00
1573;0;1;3.7500000000000000e-01;9.5000000000000007e-01;0.0000000000000000e+00
1574;0;1;4.0000000000000002e-01;9.5000000000000007e-01;0.0000000000000000e+00
1575;0;1;4.2500000000000004e-01;9.5000000000000007e-01;0.0000000000000000e+00
1576;0;1;4.5000000000000001e-01;9.5000000000000007e-01;0.0000000000000000e+00
1577;0;1;4.7500000000000003e-01;9.5000000000000007e-01;0.0000000000000000e+00
1578;0;1;5.0000000000000000e-01;9.5000000000000007e-01;0.0000000000000000e+00
1579;0;1;5.2500000000000002e-01;9.5000000000000007e-01;0.0000000000000000e+00
1580;0;1;5.5000000000000004e-01;9.5000000000000007e-01;0.0000000000000000e+00
1581;0;1;5.7500000000000007e-01;9.5000000000000007e-01;0.0000000000000000e+00
1582;0;1;6.0000000000000009e-01;9.5000000000000007e-01;0.0000000000000000e+00
1583;0;1;6.2500000000000000e-01;9.5000000000000007e-01;0.0000000000000000e+00
1584;0;1;6.5000000000000002e-01;9.5000000000000007e-01;0.0000000000000000e+00
1585;0;1;6.7500000000000004e-01;9.5000000000000007e-01;0.0000000000000000e+00
1586;0;1;7.0000000000000007e-01;9.5000000000000007e-01;0.0000000000000000e+00
1587;0;1;7.2500000000000009e-01;9.5000000000000007e-01;0.0000000000000000e+00
1588;0;1;7.5000000000000000e-01;9.5000000000000007e-01;0.0000000000000000e+00
1589;0;1;7.7500000000000002e-01;9.5000000000000007e-01;0.0000000000000000e+00
1590;0;1;8.0000000000000004e-01;9.5000000000000007e-01;0.0000000000000000e+00
1591;0;1;8.2500000000000007e-01;9.5000000000000007e-01;0.0000000000000000e+00
1592;0;1;8.5000000000000009e-01;9.5000000000000007e-01;0.0000000000000000e+00
1593;0;1;8.7500000000000000e-01;9.5000000000000007e-01;0.0000000000000000e+00
1594;0;1;9.0000000000000002e-01;9.5000000000000007e-01;0.0000000000000000e+00
1595;0;1;9.2500000000000004e-01;9.5000000000000007e-01;0.0000000000000000e+00
1596;0;1;9.5000000000000007e-01;9.5000000000000007e-01;0.0000000000000000e+00
1597;0;1;9.7500000000000009e-01;9.5000000000000007e-01;0.0000000000000000e+00
1598;6;1;1.0000000000000000e+00;9.5000000000000007e-01;0.0000000000000000e+00
1599;8;1;0.0000000000000000e+00;9.7500000000000009e-01;0.0000000000000000e+00
1600;0;1;2.5000000000000001e-02;9.7500000000000009e-01;0.0000000000000000e+00
1601;0;1;5.0000000000000003e-02;9.7500000000000009e-01;0.0000000000000000e+00
1602;0;1;7.5000000000000011e-02;9.7500000000000009e-01;0.0000000000000000e+00
1603;0;1;1.0000000000000001e-01;9.7500000000000009e-01;0.0000000000000000e+00
1604;0;1;1.2500000000000000e-01;9.7500000000000009e-01;0.0000000000000000e+00
1605;0;1;1.5000000000000002e-01;9.7500000000000009e-01;0.0000000000000000e+00
1606;0;1;1.7500000000000002e-01;9.7500000000000009e-01;0.0000000000000000e+00
1607;0;1;2.0000000000000001e-01;9.7500000000000009e-01;0.0000000000000000e+00
1608;0;1;2.2500000000000001e-01;9.7500000000000009e-01;0.0000000000000000e+00
1609;0;1;2.5000000000000000e-01;9.7500000000000009e-01;0.0000000000000000e+00
1610;0;1;2.7500000000000002e-01;9.7500000000000009e-01;0.0000000000000000e+00
1611;0;1;3.0000000000000004e-01;9.7500000000000009e-01;0.0000000000000000e+00
1612;0;1;3.2500000000000001e-01;9.7500000000000009e-01;0.0000000000000000e+00
1613;0;1;3.5000000000000003e-01;9.7500000000000009e-01;0.0000000000000000e+00
1614;0;1;3.7500000000000000e-01;9.7500000000000009e-01;0.0000000000000000e+00
1615;0;1;4.0000000000000002e-01;9.7500000000000009e-01;0.0000000000000000e+00
1616;0;1;4.2500000000000004e-01;9.7500000000000009e-01;0.0000000000000000e+00
1617;0;1;4.5000000000000001e-01;9.7500000000000009e-01;0.0000000000000000e+00
1618;0;1;4.7500000000000003e-01;9.7500000000000009e-01;0.0000000000000000e+00
1619;0;1;5.0000000000000000e-01;9.7500000000000009e-01;0.0000000000000000e+00
1620;0;1;5.2500000000000002e-01;9.7500000000000009e-01;0.0000000000000000e+00
1621;0;1;5.5000000000000004e-01;9.7500000000000009e-01;0.0000000000000000e+00
1622;0;1;5.7500000000000007e-01;9.7500000000000009e-01;0.0000000000000000e+00
1623;0;1;6.0000000000000009e-01;9.7500000000000009e-01;0.0000000000000000e+00
1624;0;1;6.2500000000000000e-01;9.7500000000000009e-01;0.0000000000000000e+00
1625;0;1;6.5000000000000002e-01;9.7500000000000009e-01;0.0000000000000000e+00
1626;0;1;6.7500000000000004e-01;9.7500000000000009e-01;0.0000000000000000e+00
1627;0;1;7.0000000000000007e-01;9.7500000000000009e-01;0.0000000000000000e+00
1628;0;1;7.2500000000000009e-01;9.7500000000000009e-01;0.0000000000000000e+00
1629;0;1;7.5000000000000000e-01;9.7500000000000009e-01;0.0000000000000000e+00
1630;0;1;7.7500000000000002e-01;9.7500000000000009e-01;0.0000000000000000e+00
1631;0;1;8.0000000000000004e-01;9.7500000000000009e-01;0.0000000000000000e+00
1632;0;1;8.2500000000000007e-01;9.7500000000000009e-01;0.0000000000000000e+00
1633;0;1;8.5000000000000009e-01;9.7500000000000009e-01;0.0000000000000000e+00
1634;0;1;8.7500000000000000e-01;9.7500000000000009e-01;0.0000000000000000e+00
1635;0;1;9.0000000000000002e-01;9.7500000000000009e-01;0.0000000000000000e+00
1636;0;1;9.2500000000000004e-01;9.7500000000000009e-01;0.0000000000000000e+00
1637;0;1;9.5000000000000007e-01;9.7500000000000009e-01;0.0000000000000000e+00
1638;0;1;9.7500000000000009e-01;9.7500000000000009e-01;0.0000000000000000e+00
1639;6;1;1.0000000000000000e+00;9.7500000000000009e-01;0.0000000000000000e+00
1640;4;1;0.0000000000000000e+00;1.0000000000000000e+00;0.0000000000000000e+00
1641;7;1;2.5000000000000001e-02;1.0000000000000000e+00;0.0000000000000000e+00
1642;7;1;5.0000000000000003e-02;1.0000000000000000e+00;0.0000000000000000e+00
1643;7;1;7.5000000000000011e-02;1.0000000000000000e+00;0.0000000000000000e+00
1644;7;1;1.0000000000000001e-01;1.0000000000000000e+00;0.0000000000000000e+00
1645;7;1;1.2500000000000000e-01;1.0000000000000000e+00;0.0000000000000000e+00
1646;7;1;1.5000000000000002e-01;1.0000000000000000e+00;0.0000000000000000e+00
1647;7;1;1.7500000000000002e-01;1.0000000000000000e+00;0.0000000000000000e+00
1648;7;1;2.0000000000000001e-01;1.0000000000000000e+00;0.0000000000000000e+00
1649;7;1;2.2500000000000001e-01;1.0000000000000000e+00;0.0000000000000000e+00
1650;7;1;2.5000000000000000e-01;1.0000000000000000e+00;0.0000000000000000e+00
1651;7;1;2.7500000000000002e-01;1.0000000000000000e+00;0.0000000000000000e+00
1652;7;1;3.0000000000000004e-01;1.0000000000000000e+00;0.0000000000000000e+00
1653;7;1;3.2500000000000001e-01;1.0000000000000000e+00;0.0000000000000000e+00
1654;7;1;3.5000000000000003e-01;1.0000000000000000e+00;0.0000000000000000e+00
1655;7;1;3.7500000000000000e-01;1.0000000000000000e+00;0.0000000000000000e+00
1656;7;1;4.0000000000000002e-01;1.0000000000000000e+00;0.0000000000000000e+00
1657;7;1;4.2500000000000004e-01;1.0000000000000000e+00;0.0000000000000000e+00
1658;7;1;4.5000000000000001e-01;1.0000000000000000e+00;0.0000000000000000e+00
1659;7;1;4.7500000000000003e-01;1.0000000000000000e+00;0.0000000000000000e+00
1660;7;1;5.0000000000000000e-01;1.0000000000000000e+00;0.0000000000000000e+00
1661;7;1;5.2500000000000002e-01;1.0000000000000000e+00;0.0000000000000000e+00
1662;7;1;5.5000000000000004e-01;1.0000000000000000e+00;0.0000000000000000e+00
1663;7;1;5.7500000000000007e-01;1.0000000000000000e+00;0.0000000000000000e+00
1664;7;1;6.0000000000000009e-01;1.0000000000000000e+00;0.0000000000000000e+00
1665;7;1;6.2500000000000000e-01;1.0000000000000000e+00;0.0000000000000000e+00
1666;7;1;6.5000000000000002e-01;1.0000000000000000e+00;0.0000000000000000e+00
1667;7;1;6.7500000000000004e-01;1.0000000000000000e+00;0.0000000000000000e+00
1668;7;1;7.0000000000000007e-01;1.0000000000000000e+00;0.0000000000000000e+00
1669;7;1;7.2500000000000009e-01;1.0000000000000000e+00;0.0000000000000000e+00
1670;7;1;7.5000000000000000e-01;1.0000000000000000e+00;0.0000000000000000e+00
1671;7;1;7.7500000000000002e-01;1.0000000000000000e+00;0.0000000000000000e+00
1672;7;1;8.0000000000000004e-01;1.0000000000000000e+00;0.0000000000000000e+00
1673;7;1;8.2500000000000007e-01;1.0000000000000000e+00;0.0000000000000000e+00
1674;7;1;8.5000000000000009e-01;1.0000000000000000e+00;0.0000000000000000e+00
1675;7;1;8.7500000000000000e-01;1.0000000000000000e+00;0.0000000000000000e+00
1676;7;1;9.0000000000000002e-01;1.0000000000000000e+00;0.0000000000000000e+00
1677;7;1;9.2500000000000004e-01;1.0000000000000000e+00;0.0000000000000000e+00
1678;7;1;9.5000000000000007e-01;1.0000000000000000e+00;0.0000000000000000e+00
1679;7;1;9.7500000000000009e-01;1.0000000000000000e+00;0.0000000000000000e+00
1680;3;1;1.0000000000000000e+00;1.0000000000000000e+00;0.0000000000000000e+00
1681;0;1;7.4999999999999997e-03;1.7499999999999998e-02;0.0000000000000000e+00
1682;0;1;3.2500000000000001e-02;1.7499999999999998e-02;0.0000000000000000e+00
1683;0;1;5.7500000000000002e-02;1.7499999999999998e-02;0.0000000000000000e+00
1684;0;1;8.2500000000000018e-02;1.7499999999999998e-02;0.0000000000000000e+00
1685;0;1;1.0750000000000001e-01;1.7499999999999998e-02;0.0000000000000000e+00
1686;0;1;1.3250000000000001e-01;1.7499999999999998e-02;0.0000000000000000e+00
1687;0;1;1.5750000000000003e-01;1.7499999999999998e-02;0.0000000000000000e+00
1688;0;1;1.8250000000000002e-01;1.7499999999999998e-02;0.0000000000000000e+00
1689;0;1;2.0750000000000002e-01;1.7499999999999998e-02;0.0000000000000000e+00
1690;0;1;2.3250000000000001e-01;1.7499999999999998e-02;0.0000000000000000e+00
1691;0;1;2.5750000000000001e-01;1.7499999999999998e-02;0.0000000000000000e+00
1692;0;1;2.8250000000000003e-01;1.7499999999999998e-02;0.0000000000000000e+00
1693;0;1;3.0750000000000005e-01;1.7499999999999998e-02;0.0000000000000000e+00
1694;0;1;3.3250000000000002e-01;1.7499999999999998e-02;0.0000000000000000e+00
1695;0;1;3.5750000000000004e-01;1.7499999999999998e-02;0.0000000000000000e+00
1696;0;1;3.8250000000000001e-01;1.7499999999999998e-02;0.0000000000000000e+00
1697;0;1;4.0750000000000003e-01;1.7499999999999998e-02;0.0000000000000000e+00
1698;0;1;4.3250000000000005e-01;1.7499999999999998e-02;0.0000000000000000e+00
1699;0;1;4.5750000000000002e-01;1.7499999999999998e-02;0.0000000000000000e+00
1700;0;1;4.8250000000000004e-01;1.7499999999999998e-02;0.0000000000000000e+00
1701;0;1;5.0749999999999995e-01;1.7499999999999998e-02;0.0000000000000000e+00
1702;0;1;5.3249999999999997e-01;1.7499999999999998e-02;0.0000000000000000e+00
1703;0;1;5.5750000000000000e-01;1.7499999999999998e-02;0.0000000000000000e+00
1704;0;1;5.8250000000000002e-01;1.7499999999999998e-02;0.0000000000000000e+00
1705;0;1;6.0750000000000004e-01;1.7499999999999998e-02;0.0000000000000000e+00
1706;0;1;6.3249999999999995e-01;1.7499999999999998e-02;0.0000000000000000e+00
1707;0;1;6.5749999999999997e-01;1.7499999999999998e-02;0.0000000000000000e+00
1708;0;1;6.8250000000000000e-01;1.7499999999999998e-02;0.0000000000000000e+00
1709;0;1;7.0750000000000002e-01;1.7499999999999998e-02;0.0000000000000000e+00
1710;0;1;7.3250000000000004e-01;1.7499999999999998e-02;0.0000000000000000e+00
1711;0;1;7.5749999999999995e-01;1.7499999999999998e-02;0.0000000000000000e+00
1712;0;1;7.8249999999999997e-01;1.7499999999999998e-02;0.0000000000000000e+00
1713;0;1;8.0750000000000000e-01;1.7499999999999998e-02;0.0000000000000000e+00
1714;0;1;8.3250000000000002e-01;1.7499999999999998e-02;0.0000000000000000e+00
1715;0;1;8.5750000000000004e-01;1.7499999999999998e-02;0.0000000000000000e+00
1716;0;1;8.8249999999999995e-01;1.7499999999999998e-02;0.0000000000000000e+00
1717;0;1;9.0749999999999997e-01;1.7499999999999998e-02;0.0000000000000000e+00
1718;0;1;9.3250000000000000e-01;1.7499999999999998e-02;0.0000000000000000e+00
1719;0;1;9.5750000000000002e-01;1.7499999999999998e-02;0.0000000000000000e+00
1720;0;1;9.8250000000000004e-01;1.7499999999999998e-02;0.0000000000000000e+00
1721;0;1;7.4999999999999997e-03;4.2499999999999996e-02;0.0000000000000000e+00
1722;0;1;3.2500000000000001e-02;4.2499999999999996e-02;0.0000000000000000e+00
1723;0;1;5.7500000000000002e-02;4.2499999999999996e-02;0.0000000000000000e+00
1724;0;1;8.2500000000000018e-02;4.2499999999999996e-02;0.0000000000000000e+00
1725;0;1;1.0750000000000001e-01;4.2499999999999996e-02;0.0000000000000000e+00
1726;0;1;1.3250000000000001e-01;4.2499999999999996e-02;0.0000000000000000e+00
1727;0;1;1.5750000000000003e-01;4.2499999999999996e-02;0.0000000000000000e+00
1728;0;1;1.8250000000000002e-01;4.2499999999999996e-02;0.0000000000000000e+00
1729;0;1;2.0750000000000002e-01;4.2499999999999996e-02;0.0000000000000000e+00
1730;0;1;2.3250000000000001e-01;4.2499999999999996e-02;0.0000000000000000e+00
1731;0;1;2.5750000000000001e-01;4.2499999999999996e-02;0.0000000000000000e+00
1732;0;1;2.8250000000000003e-01;4.2499999999999996e-02;0.0000000000000000e+00
1733;0;1;3.0750000000000005e-01;4.2499999999999996e-02;0.0000000000000000e+00
1734;0;1;3.3250000000000002e-01;4.2499999999999996e-02;0.0000000000000000e+00
1735;0;1;3.5750000000000004e-01;4.2499999999999996e-02;0.0000000000000000e+00
1736;0;1;3.8250000000000001e-01;4.2499999999999996e-02;0.0000000000000000e+00
1737;0;1;4.0750000000000003e-01;4.2499999999999996e-02;0.0000000000000000e+00
1738;0;1;4.3250000000000005e-01;4.2499999999999996e-02;0.0000000000000000e+00
1739;0;1;4.5750000000000002e-01;4.2499999999999996e-02;0.0000000000000000e+00
1740;0;1;4.8250000000000004e-01;4.2499999999999996e-02;0.0000000000000000e+00
1741;0;1;5.0749999999999995e-01;4.2499999999999996e-02;0.0000000000000000e+00
1742;0;1;5.3249999999999997e-01;4.2499999999999996e-02;0.0000000000000000e+00
1743;0;1;5.5750000000000000e-01;4.2499999999999996e-02;0.0000000000000000e+00
1744;0;1;5.8250000000000002e-01;4.2499999999999996e-02;0.0000000000000000e+00
1745;0;1;6.0750000000000004e-01;4.2499999999999996e-02;0.0000000000000000e+00
1746;0;1;6.3249999999999995e-01;4.2499999999999996e-02;0.0000000000000000e+00
1747;0;1;6.5749999999999997e-01;4.2499999999999996e-02;0.0000000000000000e+00
1748;0;1;6.8250000000000000e-01;4.2499999999999996e-02;0.0000000000000000e+00
1749;0;1;7.0750000000000002e-01;4.2499999999999996e-02;0.0000000000000000e+00
1750;0;1;7.3250000000000004e-01;4.2499999999999996e-02;0.0000000000000000e+00
1751;0;1;7.5749999999999995e-01;4.2499999999999996e-02;0.0000000000000000e+00
1752;0;1;7.8249999999999997e-01;4.2499999999999996e-02;0.0000000000000000e+00
1753;0;1;8.0750000000000000e-01;4.2499999999999996e-02;0.0000000000000000e+00
1754;0;1;8.3250000000000002e-01;4.2499999999999996e-02;0.0000000000000000e+00
1755;0;1;8.5750000000000004e-01;4.2499999999999996e-02;0.0000000000000000e+00
1756;0;1;8.8249999999999995e-01;4.2499999999999996e-02;0.0000000000000000e+00
1757;0;1;9.0749999999999997e-01;4.2499999999999996e-02;0.0000000000000000e+00
1758;0;1;9.3250000000000000e-01;4.2499999999999996e-02;0.0000000000000000e+00
1759;0;1;9.5750000000000002e-01;4.2499999999999996e-02;0.0000000000000000e+00
1760;0;1;9.8250000000000004e-01;4.2499999999999996e-02;0.0000000000000000e+00
1761;0;1;7.4999999999999997e-03;6.7500000000000004e-02;0.0000000000000000e+00
1762;0;1;3.2500000000000001e-02;6.7500000000000004e-02;0.0000000000000000e+00
1763;0;1;5.7500000000000002e-02;6.7500000000000004e-02;0.0000000000000000e+00
1764;0;1;8.2500000000000018e-02;6.7500000000000004e-02;0.0000000000000000e+00
1765;0;1;1.0750000000000001e-01;6.7500000000000004e-02;0.0000000000000000e+00
1766;0;1;1.3250000000000001e-01;6.7500000000000004e-02;0.0000000000000000e+00
1767;0;1;1.5750000000000003e-01;6.7500000000000004e-02;0.0000000000000000e+00
1768;0;1;1.8250000000000002e-01;6.7500000000000004e-02;0.0000000000000000e+00
1769;0;1;2.0750000000000002e-01;6.7500000000000004e-02;0.0000000000000000e+00
1770;0;1;2.3250000000000001e-01;6.7500000000000004e-02;0.0000000000000000e+00
1771;0;1;2.5750000000000001e-01;6.7500000000000004e-02;0.0000000000000000e+00
1772;0;1;2.8250000000000003e-01;6.7500000000000004e-02;0.0000000000000000e+00
1773;0;1;3.0750000000000005e-01;6.7500000000000004e-02;0.0000000000000000e+00
1774;0;1;3.3250000000000002e-01;6.7500000000000004e-02;0.0000000000000000e+00
1775;0;1;3.5750000000000004e-01;6.7500000000000004e-02;0.0000000000000000e+00
1776;0;1;3.8250000000000001e-01;6.7500000000000004e-02;0.0000000000000000e+00
1777;0;1;4.0750000000000003e-01;6.7500000000000004e-02;0.0000000000000000e+00
1778;0;1;4.3250000000000005e-01;6.7500000000000004e-02;0.0000000000000000e+00
1779;0;1;4.5750000000000002e-01;6.7500000000000004e-02;0.0000000000000000e+00
1780;0;1;4.8250000000000004e-01;6.7500000000000004e-02;0.0000000000000000e+00
1781;0;1;5.0749999999999995e-01;6.7500000000000004e-02;0.0000000000000000e+00
1782;0;1;5.3249999999999997e-01;6.7500000000000004e-02;0.0000000000000000e+00
1783;0;1;5.5750000000000000e-01;6.7500000000000004e-02;0.0000000000000000e+00
1784;0;1;5.8250000000000002e-01;6.7500000000000004e-02;0.0000000000000000e+00
1785;0;1;6.0750000000000004e-01;6.7500000000000004e-02;0.0000000000000000e+00
1786;0;1;6.3249999999999995e-01;6.7500000000000004e-02;0.0000000000000000e+00
1787;0;1;6.5749999999999997e-01;6.7500000000000004e-02;0.0000000000000000e+00
1788;0;1;6.8250000000000000e-01;6.7500000000000004e-02;0.0000000000000000e+00
1789;0;1;7.0750000000000002e-01;6.7500000000000004e-02;0.0000000000000000e+00
1790;0;1;7.3250000000000004e-01;6.7500000000000004e-02;0.0000000000000000e+00
1791;0;1;7.5749999999999995e-01;6.7500000000000004e-02;0.0000000000000000e+00
1792;0;1;7.8249999999999997e-01;6.7500000000000004e-02;0.0000000000000000e+00
1793;0;1;8.0750000000000000e-01;6.7500000000000004e-02;0.0000000000000000e+00
1794;0;1;8.3250000000000002e-01;6.7500000000000004e-02;0.0000000000000000e+00
1795;0;1;8.5750000000000004e-01;6.7500000000000004e-02;0.0000000000000000e+00
1796;0;1;8.8249999999999995e-01;6.7500000000000004e-02;0.0000000000000000e+00
1797;0;1;9.0749999999999997e-01;6.7500000000000004e-02;0.0000000000000000e+00
1798;0;1;9.3250000000000000e-01;6.7500000000000004e-02;0.0000000000000000e+00
1799;0;1;9.5750000000000002e-01;6.7500000000000004e-02;0.0000000000000000e+00
1800;0;1;9.8250000000000004e-01;6.7500000000000004e-02;0.0000000000000000e+00
1801;0;1;7.4999999999999997e-03;9.2500000000000013e-02;0.0000000000000000e+00
1802;0;1;3.2500000000000001e-02;9.2500000000000013e-02;0.0000000000000000e+00
1803;0;1;5.7500000000000002e-02;9.2500000000000013e-02;0.0000000000000000e+00
1804;0;1;8.2500000000000018e-02;9.2500000000000013e-02;0.0000000000000000e+00
1805;0;1;1.0750000000000001e-01;9.2500000000000013e-02;0.0000000000000000e+00
1806;0;1;1.3250000000000001e-01;9.2500000000000013e-02;0.0000000000000000e+00
1807;0;1;1.5750000000000003e-01;9.2500000000000013e-02;0.0000000000000000e+00
1808;0;1;1.8250000000000002e-01;9.2500000000000013e-02;0.0000000000000000e+00
1809;0;1;2.0750000000000002e-01;9.2500000000000013e-02;0.0000000000000000e+00
1810;0;1;2.3250000000000001e-01;9.2500000000000013e-02;0.0000000000000000e+00
1811;0;1;2.5750000000000001e-01;9.2500000000000013e-02;0.0000000000000000e+00
1812;0;1;2.8250000000000003e-01;9.2500000000000013e-02;0.0000000000000000e+00
1813;0;1;3.0750000000000005e-01;9.2500000000000013e-02;0.0000000000000000e+00
1814;0;1;3.3250000000000002e-01;9.2500000000000013e-02;0.0000000000000000e+00
1815;0;1;3.5750000000000004e-01;9.2500000000000013e-02;0.0000000000000000e+00
1816;0;1;3.8250000000000001e-01;9.2500000000000013e-02;0.0000000000000000e+00
1817;0;1;4.0750000000000003e-01;9.2500000000000013e-02;0.0000000000000000e+00
1818;0;1;4.3250000000000005e-01;9.2500000000000013e-02;0.0000000000000000e+00
1819;0;1;4.5750000000000002e-01;9.2500000000000013e-02;0.0000000000000000e+00
1820;0;1;4.8250000000000004e-01;9.2500000000000013e-02;0.0000000000000000e+00
1821;0;1;5.0749999999999995e-01;9.2500000000000013e-02;0.0000000000000000e+00
1822;0;1;5.3249999999999997e-01;9.2500000000000013e-02;0.0000000000000000e+00
1823;0;1;5.5750000000000000e-01;9.2500000000000013e-02;0.0000000000000000e+00
1824;0;1;5.8250000000000002e-01;9.2500000000000013e-02;0.0000000000000000e+00
1825;0;1;6.0750000000000004e-01;9.2500000000000013e-02;0.0000000000000000e+00
1826;0;1;6.3249999999999995e-01;9.2500000000000013e-02;0.0000000000000000e+00
1827;0;1;6.5749999999999997e-01;9.2500000000000013e-02;0.0000000000000000e+00
1828;0;1;6.8250000000000000e-01;9.2500000000000013e-02;0.0000000000000000e+00
1829;0;1;7.0750000000000002e-01;9.2500000000000013e-02;0.0000000000000000e+00
1830;0;1;7.3250000000000004e-01;9.2500000000000013e-02;0.0000000000000000e+00
1831;0;1;7.5749999999999995e-01;9.2500000000000013e-02;0.0000000000000000e+00
1832;0;1;7.8249999999999997e-01;9.2500000000000013e-02;0.0000000000000000e+00
1833;0;1;8.0750000000000000e-01;9.2500000000000013e-02;0.0000000000000000e+00
1834;0;1;8.3250000000000002e-01;9.2500000000000013e-02;0.0000000000000000e+00
1835;0;1;8.5750000000000004e-01;9.2500000000000013e-02;0.0000000000000000e+00
1836;0;1;8.8249999999999995e-01;9.2500000000000013e-02;0.0000000000000000e+00
1837;0;1;9.0749999999999997e-01;9.2500000000000013e-02;0.0000000000000000e+00
1838;0;1;9.3250000000000000e-01;9.2500000000000013e-02;0.0000000000000000e+00
1839;0;1;9.5750000000000002e-01;9.2500000000000013e-02;0.0000000000000000e+00
1840;0;1;9.8250000000000004e-01;9.2500000000000013e-02;0.0000000000000000e+00
1841;0;1;7.4999999999999997e-03;1.1750000000000001e-01;0.0000000000000000e+00
1842;0;1;3.2500000000000001e-02;1.1750000000000001e-01;0.0000000000000000e+00
1843;0;1;5.7500000000000002e-02;1.1750000000000001e-01;0.0000000000000000e+00
1844;0;1;8.2500000000000018e-02;1.1750000000000001e-01;0.0000000000000000e+00
1845;0;1;1.0750000000000001e-01;1.1750000000000001e-01;0.0000000000000000e+00
1846;0;1;1.3250000000000001e-01;1.1750000000000001e-01;0.0000000000000000e+00
1847;0;1;1.5750000000000003e-01;1.1750000000000001e-01;0.0000000000000000e+00
1848;0;1;1.8250000000000002e-01;1.1750000000000001e-01;0.0000000000000000e+00
1849;0;1;2.0750000000000002e-01;1.1750000000000001e-01;0.0000000000000000e+00
1850;0;1;2.3250000000000001e-01;1.1750000000000001e-01;0.0000000000000000e+00
1851;0;1;2.5750000000000001e-01;1.1750000000000001e-01;0.0000000000000000e+00
1852;0;1;2.8250000000000003e-01;1.1750000000000001e-01;0.0000000000000000e+00
1853;0;1;3.0750000000000005e-01;1.1750000000000001e-01;0.0000000000000000e+00
1854;0;1;3.3250000000000002e-01;1.1750000000000001e-01;0.0000000000000000e+00
1855;0;1;3.5750000000000004e-01;1.1750000000000001e-01;0.0000000000000000e+00
1856;0;1;3.8250000000000001e-01;1.1750000000000001e-01;0.0000000000000000e+00
1857;0;1;4.0750000000000003e-01;1.1750000000000001e-01;0.0000000000000000e+00
1858;0;1;4.3250000000000005e-01;1.1750000000000001e-01;0.0000000000000000e+00
1859;0;1;4.5750000000000002e-01;1.1750000000000001e-01;0.0000000000000000e+00
1860;0;1;4.8250000000000004e-01;1.1750000000000001e-01;0.0000000000000000e+00
1861;0;1;5.0749999999999995e-01;1.1750000000000001e-01;0.0000000000000000e+00
1862;0;1;5.3249999999999997e-01;1.1750000000000001e-01;0.0000000000000000e+00
1863;0;1;5.5750000000000000e-01;1.1750000000000001e-01;0.0000000000000000e+00
1864;0;1;5.8250000000000002e-01;1.1750000000000001e-01;0.0000000000000000e+00
1865;0;1;6.0750000000000004e-01;1.1750000000000001e-01;0.0000000000000000e+00
1866;0;1;6.3249999999999995e-01;1.1750000000000001e-01;0.0000000000000000e+00
1867;0;1;6.5749999999999997e-01;1.1750000000000001e-01;0.0000000000000000e+00
1868;0;1;6.8250000000000000e-01;1.1750000000000001e-01;0.0000000000000000e+00
1869;0;1;7.0750000000000002e-01;1.1750000000000001e-01;0.0000000000000000e+00
1870;0;1;7.3250000000000004e-01;1.1750000000000001e-01;0.0000000000000000e+00
1871;0;1;7.5749999999999995e-01;1.1750000000000001e-01;0.0000000000000000e+00
1872;0;1;7.8249999999999997e-01;1.1750000000000001e-01;0.0000000000000000e+00
1873;0;1;8.0750000000000000e-01;1.1750000000000001e-01;0.0000000000000000e+00
1874;0;1;8.3250000000000002e-01;1.1750000000000001e-01;0.0000000000000000e+00
1875;0;1;8.5750000000000004e-01;1.1750000000000001e-01;0.0000000000000000e+00
1876;0;1;8.8249999999999995e-01;1.1750000000000001e-01;0.0000000000000000e+00
1877;0;1;9.0749999999999997e-01;1.1750000000000001e-01;0.0000000000000000e+00
1878;0;1;9.3250000000000000e-01;1.1750000000000001e-01;0.0000000000000000e+00
1879;0;1;9.5750000000000002e-01;1.1750000000000001e-01;0.0000000000000000e+00
1880;0;1;9.8250000000000004e-01;1.1750000000000001e-01;0.0000000000000000e+00
1881;0;1;7.4999999999999997e-03;1.4249999999999999e-01;0.0000000000000000e+00
1882;0;1;3.2500000000000001e-02;1.4249999999999999e-01;0.0000000000000000e+00
1883;0;1;5.7500000000000002e-02;1.4249999999999999e-01;0.0000000000000000e+00
1884;0;1;8.2500000000000018e-02;1.4249999999999999e-01;0.0000000000000000e+00
1885;0;1;1.0750000000000001e-01;1.4249999999999999e-01;0.0000000000000000e+00
1886;0;1;1.3250000000000001e-01;1.4249999999999999e-01;0.0000000000000000e+00
1887;0;1;1.5750000000000003e-01;1.4249999999999999e-01;0.0000000000000000e+00
1888;0;1;1.8250000000000002e-01;1.4249999999999999e-01;0.0000000000000000e+00
1889;0;1;2.0750000000000002e-01;1.4249999999999999e-01;0.0000000000000000e+00
1890;0;1;2.3250000000000001e-01;1.4249999999999999e-01;0.0000000000000000e+00
1891;0;1;2.5750000000000001e-01;1.4249999999999999e-01;0.0000000000000000e+00
1892;0;1;2.8250000000000003e-01;1.4249999999999999e-01;0.0000000000000000e+00
1893;0;1;3.0750000000000005e-01;1.4249999999999999e-01;0.0000000000000000e+00
1894;0;1;3.3250000000000002e-01;1.4249999999999999e-01;0.0000000000000000e+00
1895;0;1;3.5750000000000004e-01;1.4249999999999999e-01;0.0000000000000000e+00
1896;0;1;3.8250000000000001e-01;1.4249999999999999e-01;0.0000000000000000e+00
1897;0;1;4.0750000000000003e-01;1.4249999999999999e-01;0.0000000000000000e+00
1898;0;1;4.3250000000000005e-01;1.4249999999999999e-01;0.0000000000000000e+00
1899;0;1;4.5750000000000002e-01;1.4249999999999999e-01;0.0000000000000000e+00
1900;0;1;4.8250000000000004e-01;1.4249999999999999e-01;0.0000000000000000e+00
1901;0;1;5.0749999999999995e-01;1.4249999999999999e-01;0.0000000000000000e+00
1902;0;1;5.3249999999999997e-01;1.4249999999999999e-01;0.0000000000000000e+00
1903;0;1;5.5750000000000000e-01;1.4249999999999999e-01;0.0000000000000000e+00
1904;0;1;5.8250000000000002e-01;1.4249999999999999e-01;0.0000000000000000e+00
1905;0;1;6.0750000000000004e-01;1.4249999999999999e-01;0.0000000000000000e+00
1906;0;1;6.3249999999999995e-01;1.4249999999999999e-01;0.0000000000000000e+00
1907;0;1;6.5749999999999997e-01;1.4249999999999999e-01;0.0000000000000000e+00
1908;0;1;6.8250000000000000e-01;1.4249999999999999e-01;0.0000000000000000e+00
1909;0;1;7.0750000000000002e-01;1.4249999999999999e-01;0.0000000000000000e+00
1910;0;1;7.3250000000000004e-01;1.4249999999999999e-01;0.0000000000000000e+00
1911;0;1;7.5749999999999995e-01;1.4249999999999999e-01;0.0000000000000000e+00
1912;0;1;7.8249999999999997e-01;1.4249999999999999e-01;0.0000000000000000e+00
1913;0;1;8.0750000000000000e-01;1.4249999999999999e-01;0.0000000000000000e+00
1914;0;1;8.3250000000000002e-01;1.4249999999999999e-01;0.0000000000000000e+00
1915;0;1;8.5750000000000004e-01;1.4249999999999999e-01;0.0000000000000000e+00
1916;0;1;8.8249999999999995e-01;1.4249999999999999e-01;0.0000000000000000e+00
1917;0;1;9.0749999999999997e-01;1.4249999999999999e-01;0.0000000000000000e+00
1918;0;1;9.3250000000000000e-01;1.4249999999999999e-01;0.0000000000000000e+00
1919;0;1;9.5750000000000002e-01;1.4249999999999999e-01;0.0000000000000000e+00
1920;0;1;9.8250000000000004e-01;1.4249999999999999e-01;0.0000000000000000e+00
1921;0;1;7.4999999999999997e-03;1.6750000000000001e-01;0.0000000000000000e+00
1922;0;1;3.2500000000000001e-02;1.6750000000000001e-01;0.0000000000000000e+00
1923;0;1;5.7500000000000002e-02;1.6750000000000001e-01;0.0000000000000000e+00
1924;0;1;8.2500000000000018e-02;1.6750000000000001e-01;0.0000000000000000e+00
1925;0;1;1.0750000000000001e-01;1.6750000000000001e-01;0.0000000000000000e+00
1926;0;1;1.3250000000000001e-01;1.6750000000000001e-01;0.0000000000000000e+00
1927;0;1;1.5750000000000003e-01;1.6750000000000001e-01;0.0000000000000000e+00
1928;0;1;1.8250000000000002e-01;1.6750000000000001e-01;0.0000000000000000e+00
1929;0;1;2.0750000000000002e-01;1.6750000000000001e-01;0.0000000000000000e+00
1930;0;1;2.3250000000000001e-01;1.6750000000000001e-01;0.0000000000000000e+00
1931;0;1;2.5750000000000001e-01;1.6750000000000001e-01;0.0000000000000000e+00
1932;0;1;2.8250000000000003e-01;1.6750000000000001e-01;0.0000000000000000e+00
1933;0;1;3.0750000000000005e-01;1.6750000000000001e-01;0.0000000000000000e+00
1934;0;1;3.3250000000000002e-01;1.6750000000000001e-01;0.0000000000000000e+00
1935;0;1;3.5750000000000004e-01;1.6750000000000001e-01;0.0000000000000000e+00
1936;0;1;3.8250000000000001e-01;1.6750000000000001e-01;0.0000000000000000e+00
1937;0;1;4.0750000000000003e-01;1.6750000000000001e-01;0.0000000000000000e+00
1938;0;1;4.3250000000000005e-01;1.6750000000000001e-01;0.0000000000000000e+00
1939;0;1;4.5750000000000002e-01;1.6750000000000001e-01;0.0000000000000000e+00
1940;0;1;4.8250000000000004e-01;1.6750000000000001e-01;0.0000000000000000e+00
1941;0;1;5.0749999999999995e-01;1.6750000000000001e-01;0.0000000000000000e+00
1942;0;1;5.3249999999999997e-01;1.6750000000000001e-01;0.0000000000000000e+00
1943;0;1;5.5750000000000000e-01;1.6750000000000001e-01;0.0000000000000000e+00
1944;0;1;5.8250000000000002e-01;1.6750000000000001e-01;0.0000000000000000e+00
1945;0;1;6.0750000000000004e-01;1.6750000000000001e-01;0.0000000000000000e+00
1946;0;1;6.3249999999999995e-01;1.6750000000000001e-01;0.0000000000000000e+00
1947;0;1;6.5749999999999997e-01;1.6750000000000001e-01;0.0000000000000000e+00
1948;0;1;6.8250000000000000e-01;1.6750000000000001e-01;0.0000000000000000e+00
1949;0;1;7.0750000000000002e-01;1.6750000000000001e-01;0.0000000000000000e+00
1950;0;1;7.3250000000000004e-01;1.6750000000000001e-01;0.0000000000000000e+00
1951;0;1;7.5749999999999995e-01;1.6750000000000001e-01;0.0000000000000000e+00
1952;0;1;7.8249999999999997e-01;1.6750000000000001e-01;0.0000000000000000e+00
1953;0;1;8.0750000000000000e-01;1.6750000000000001e-01;0.0000000000000000e+00
1954;0;1;8.3250000000000002e-01;1.6750000000000001e-01;0.0000000000000000e+00
1955;0;1;8.5750000000000004e-01;1.6750000000000001e-01;0.0000000000000000e+00
1956;0;1;8.8249999999999995e-01;1.6750000000000001e-01;0.0000000000000000e+00
1957;0;1;9.0749999999999997e-01;1.6750000000000001e-01;0.0000000000000000e+00
1958;0;1;9.3250000000000000e-01;1.6750000000000001e-01;0.0000000000000000e+00
1959;0;1;9.5750000000000002e-01;1.6750000000000001e-01;0.0000000000000000e+00
1960;0;1;9.8250000000000004e-01;1.6750000000000001e-01;0.0000000000000000e+00
1961;0;1;7.4999999999999997e-03;1.9250000000000000e-01;0.0000000000000000e+00
1962;0;1;3.2500000000000001e-02;1.9250000000000000e-01;0.0000000000000000e+00
1963;0;1;5.7500000000000002e-02;1.9250000000000000e-01;0.0000000000000000e+00
1964;0;1;8.2500000000000018e-02;1.9250000000000000e-01;0.0000000000000000e+00
1965;0;1;1.0750000000000001e-01;1.9250000000000000e-01;0.0000000000000000e+00
1966;0;1;1.3250000000000001e-01;1.9250000000000000e-01;0.0000000000000000e+00
1967;0;1;1.5750000000000003e-01;1.9250000000000000e-01;0.0000000000000000e+00
1968;0;1;1.8250000000000002e-01;1.9250000000000000e-01;0.0000000000000000e+00
1969;0;1;2.0750000000000002e-01;1.9250000000000000e-01;0.0000000000000000e+00
1970;0;1;2.3250000000000001e-01;1.9250000000000000e-01;0.0000000000000000e+00
1971;0;1;2.5750000000000001e-01;1.9250000000000000e-01;0.0000000000000000e+00
1972;0;1;2.8250000000000003e-01;1.9250000000000000e-01;0.0000000000000000e+00
1973;0;1;3.0750000000000005e-01;1.9250000000000000e-01;0.0000000000000000e+00
1974;0;1;3.3250000000000002e-01;1.9250000000000000e-01;0.0000000000000000e+00
1975;0;1;3.5750000000000004e-01;1.9250000000000000e-01;0.0000000000000000e+00
1976;0;1;3.8250000000000001e-01;1.9250000000000000e-01;0.0000000000000000e+00
1977;0;1;4.0750000000000003e-01;1.9250000000000000e-01;0.0000000000000000e+00
1978;0;1;4.3250000000000005e-01;1.9250000000000000e-01;0.0000000000000000e+00
1979;0;1;4.5750000000000002e-01;1.9250000000000000e-01;0.0000000000000000e+00
1980;0;1;4.8250000000000004e-01;1.9250000000000000e-01;0.0000000000000000e+00
1981;0;1;5.0749999999999995e-01;1.9250000000000000e-01;0.0000000000000000e+00
1982;0;1;5.3249999999999997e-01;1.9250000000000000e-01;0.0000000000000000e+00
1983;0;1;5.5750000000000000e-01;1.9250000000000000e-01;0.0000000000000000e+00
1984;0;1;5.8250000000000002e-01;1.9250000000000000e-01;0.0000000000000000e+00
1985;0;1;6.0750000000000004e-01;1.9250000000000000e-01;0.0000000000000000e+00
1986;0;1;6.3249999999999995e-01;1.9250000000000000e-01;0.0000000000000000e+00
1987;0;1;6.5749999999999997e-01;1.9250000000000000e-01;0.0000000000000000e+00
1988;0;1;6.8250000000000000e-01;1.9250000000000000e-01;0.0000000000000000e+00
1989;0;1;7.0750000000000002e-01;1.9250000000000000e-01;0.0000000000000000e+00
1990;0;1;7.3250000000000004e-01;1.9250000000000000e-01;0.0000000000000000e+00
1991;0;1;7.5749999999999995e-01;1.9250000000000000e-01;0.0000000000000000e+00
1992;0;1;7.8249999999999997e-01;1.9250000000000000e-01;0.0000000000000000e+00
1993;0;1;8.0750000000000000e-01;1.9250000000000000e-01;0.0000000000000000e+00
1994;0;1;8.3250000000000002e-01;1.9250000000000000e-01;0.0000000000000000e+00
1995;0;1;8.5750000000000004e-01;1.9250000000000000e-01;0.0000000000000000e+00
1996;0;1;8.8249999999999995e-01;1.9250000000000000e-01;0.0000000000000000e+00
1997;0;1;9.0749999999999997e-01;1.9250000000000000e-01;0.0000000000000000e+00
1998;0;1;9.3250000000000000e-01;1.9250000000000000e-01;0.0000000000000000e+00
1999;0;1;9.5750000000000002e-01;1.9250000000000000e-01;0.0000000000000000e+00
2000;0;1;9.8250000000000004e-01;1.9250000000000000e-01;0.0000000000000000e+00
2001;0;1;7.4999999999999997e-03;2.1750000000000000e-01;0.0000000000000000e+00
2002;0;1;3.2500000000000001e-02;2.1750000000000000e-01;0.0000000000000000e+00
2003;0;1;5.7500000000000002e-02;2.1750000000000000e-01;0.0000000000000000e+00
2004;0;1;8.2500000000000018e-02;2.1750000000000000e-01;0.0000000000000000e+00
2005;0;1;1.0750000000000001e-01;2.1750000000000000e-01;0.0000000000000000e+00
2006;0;1;1.3250000000000001e-01;2.1750000000000000e-01;0.0000000000000000e+00
2007;0;1;1.5750000000000003e-01;2.1750000000000000e-01;0.0000000000000000e+00
2008;0;1;1.8250000000000002e-01;2.1750000000000000e-01;0.0000000000000000e+00
2009;0;1;2.0750000000000002e-01;2.1750000000000000e-01;0.0000000000000000e+00
2010;0;1;2.3250000000000001e-01;2.1750000000000000e-01;0.0000000000000000e+00
2011;0;1;2.5750000000000001e-01;2.1750000000000000e-01;0.0000000000000000e+00
2012;0;1;2.8250000000000003e-01;2.1750000000000000e-01;0.0000000000000000e+00
2013;0;1;3.0750000000000005e-01;2.1750000000000000e-01;0.0000000000000000e+00
2014;0;1;3.3250000000000002e-01;2.1750000000000000e-01;0.0000000000000000e+00
2015;0;1;3.5750000000000004e-01;2.1750000000000000e-01;0.0000000000000000e+00
2016;0;1;3.8250000000000001e-01;2.1750000000000000e-01;0.0000000000000000e+00
2017;0;1;4.0750000000000003e-01;2.1750000000000000e-01;0.0000000000000000e+00
2018;0;1;4.3250000000000005e-01;2.1750000000000000e-01;0.0000000000000000e+00
2019;0;1;4.5750000000000002e-01;2.1750000000000000e-01;0.0000000000000000e+00
2020;0;1;4.8250000000000004e-01;2.1750000000000000e-01;0.0000000000000000e+00
2021;0;1;5.0749999999999995e-01;2.1750000000000000e-01;0.0000000000000000e+00
2022;0;1;5.3249999999999997e-01;2.1750000000000000e-01;0.0000000000000000e+00
2023;0;1;5.5750000000000000e-01;2.1750000000000000e-01;0.0000000000000000e+00
2024;0;1;5.8250000000000002e-01;2.1750000000000000e-01;0.0000000000000000e+00
2025;0;1;6.0750000000000004e-01;2.1750000000000000e-01;0.0000000000000000e+00
2026;0;1;6.3249999999999995e-01;2.1750000000000000e-01;0.0000000000000000e+00
2027;0;1;6.5749999999999997e-01;2.1750000000000000e-01;0.0000000000000000e+00
2028;0;1;6.8250000000000000e-01;2.1750000000000000e-01;0.0000000000000000e+00
2029;0;1;7.0750000000000002e-01;2.1750000000000000e-01;0.0000000000000000e+00
2030;0;1;7.3250000000000004e-01;2.1750000000000000e-01;0.0000000000000000e+00
2031;0;1;7.5749999999999995e-01;2.1750000000000000e-01;0.0000000000000000e+00
2032;0;1;7.8249999999999997e-01;2.1750000000000000e-01;0.0000000000000000e+00
2033;0;1;8.0750000000000000e-01;2.1750000000000000e-01;0.0000000000000000e+00
2034;0;1;8.3250000000000002e-01;2.1750000000000000e-01;0.0000000000000000e+00
2035;0;1;8.5750000000000004e-01;2.1750000000000000e-01;0.0000000000000000e+00
2036;0;1;8.8249999999999995e-01;2.1750000000000000e-01;0.0000000000000000e+00
2037;0;1;9.0749999999999997e-01;2.1750000000000000e-01;0.0000000000000000e+00
2038;0;1;9.3250000000000000e-01;2.1750000000000000e-01;0.0000000000000000e+00
2039;0;1;9.5750000000000002e-01;2.1750000000000000e-01;0.0000000000000000e+00
2040;0;1;9.8250000000000004e-01;2.1750000000000000e-01;0.0000000000000000e+00
2041;0;1;7.4999999999999997e-03;2.4249999999999999e-01;0.0000000000000000e+00
2042;0;1;3.2500000000000001e-02;2.4249999999999999e-01;0.0000000000000000e+00
2043;0;1;5.7500000000000002e-02;2.4249999999999999e-01;0.0000000000000000e+00
2044;0;1;8.2500000000000018e-02;2.4249999999999999e-01;0.0000000000000000e+00
2045;0;1;1.0750000000000001e-01;2.4249999999999999e-01;0.0000000000000000e+00
2046;0;1;1.3250000000000001e-01;2.4249999999999999e-01;0.0000000000000000e+00
2047;0;1;1.5750000000000003e-01;2.4249999999999999e-01;0.0000000000000000e+00
2048;0;1;1.8250000000000002e-01;2.4249999999999999e-01;0.0000000000000000e+00
2049;0;1;2.0750000000000002e-01;2.4249999999999999e-01;0.0000000000000000e+00
2050;0;1;2.3250000000000001e-01;2.4249999999999999e-01;0.0000000000000000e+00
2051;0;1;2.5750000000000001e-01;2.4249999999999999e-01;0.0000000000000000e+00
2052;0;1;2.8250000000000003e-01;2.4249999999999999e-01;0.0000000000000000e+00
2053;0;1;3.0750000000000005e-01;2.4249999999999999e-01;0.0000000000000000e+00
2054;0;1;3.3250000000000002e-01;2.4249999999999999e-01;0.0000000000000000e+00
2055;0;1;3.5750000000000004e-01;2.4249999999999999e-01;0.0000000000000000e+00
2056;0;1;3.8250000000000001e-01;2.4249999999999999e-01;0.0000000000000000e+00
2057;0;1;4.0750000000000003e-01;2.4249999999999999e-01;0.0000000000000000e+00
2058;0;1;4.3250000000000005e-01;2.4249999999999999e-01;0.0000000000000000e+00
2059;0;1;4.5750000000000002e-01;2.4249999999999999e-01;0.0000000000000000e+00
2060;0;1;4.8250000000000004e-01;2.4249999999999999e-01;0.0000000000000000e+00
2061;0;1;5.0749999999999995e-01;2.4249999999999999e-01;0.0000000000000000e+00
2062;0;1;5.3249999999999997e-01;2.4249999999999999e-01;0.0000000000000000e+00
2063;0;1;5.5750000000000000e-01;2.4249999999999999e-01;0.0000000000000000e+00
2064;0;1;5.8250000000000002e-01;2.4249999999999999e-01;0.0000000000000000e+00
2065;0;1;6.0750000000000004e-01;2.4249999999999999e-01;0.0000000000000000e+00
2066;0;1;6.3249999999999995e-01;2.4249999999999999e-01;0.0000000000000000e+00
2067;0;1;6.5749999999999997e-01;2.4249999999999999e-01;0.0000000000000000e+00
2068;0;1;6.8250000000000000e-01;2.4249999999999999e-01;0.0000000000000000e+00
2069;0;1;7.0750000000000002e-01;2.4249999999999999e-01;0.0000000000000000e+00
2070;0;1;7.3250000000000004e-01;2.4249999999999999e-01;0.0000000000000000e+00
2071;0;1;7.5749999999999995e-01;2.4249999999999999e-01;0.0000000000000000e+00
2072;0;1;7.8249999999999997e-01;2.4249999999999999e-01;0.0000000000000000e+00
2073;0;1;8.0750000000000000e-01;2.4249999999999999e-01;0.0000000000000000e+00
2074;0;1;8.3250000000000002e-01;2.4249999999999999e-01;0.0000000000000000e+00
2075;0;1;8.5750000000000004e-01;2.4249999999999999e-01;0.0000000000000000e+00
2076;0;1;8.8249999999999995e-01;2.4249999999999999e-01;0.0000000000000000e+00
2077;0;1;9.0749999999999997e-01;2.4249999999999999e-01;0.0000000000000000e+00
2078;0;1;9.3250000000000000e-01;2.4249999999999999e-01;0.0000000000000000e+00
2079;0;1;9.5750000000000002e-01;2.4249999999999999e-01;0.0000000000000000e+00
2080;0;1;9.8250000000000004e-01;2.4249999999999999e-01;0.0000000000000000e+00
2081;0;1;7.4999999999999997e-03;2.6750000000000002e-01;0.0000000000000000e+00
2082;0;1;3.2500000000000001e-02;2.6750000000000002e-01;0.0000000000000000e+00
2083;0;1;5.7500000000000002e-02;2.6750000000000002e-01;0.0000000000000000e+00
2084;0;1;8.2500000000000018e-02;2.6750000000000002e-01;0.0000000000000000e+00
2085;0;1;1.0750000000000001e-01;2.6750000000000002e-01;0.0000000000000000e+00
2086;0;1;1.3250000000000001e-01;2.6750000000000002e-01;0.0000000000000000e+00
2087;0;1;1.5750000000000003e-01;2.6750000000000002e-01;0.0000000000000000e+00
2088;0;1;1.8250000000000002e-01;2.6750000000000002e-01;0.0000000000000000e+00
2089;0;1;2.0750000000000002e-01;2.6750000000000002e-01;0.0000000000000000e+00
2090;0;1;2.3250000000000001e-01;2.6750000000000002e-01;0.0000000000000000e+00
2091;0;1;2.5750000000000001e-01;2.6750000000000002e-01;0.0000000000000000e+00
2092;0;1;2.8250000000000003e-01;2.6750000000000002e-01;0.0000000000000000e+00
2093;0;1;3.0750000000000005e-01;2.6750000000000002e-01;0.0000000000000000e+00
2094;0;1;3.3250000000000002e-01;2.6750000000000002e-01;0.0000000000000000e+00
2095;0;1;3.5750000000000004e-01;2.6750000000000002e-01;0.0000000000000000e+00
2096;0;1;3.8250000000000001e-01;2.6750000000000002e-01;0.0000000000000000e+00
2097;0;1;4.0750000000000003e-01;2.6750000000000002e-01;0.0000000000000000e+00
2098;0;1;4.3250000000000005e-01;2.6750000000000002e-01;0.0000000000000000e+00
2099;0;1;4.5750000000000002e-01;2.6750000000000002e-01;0.0000000000000000e+00
2100;0;1;4.8250000000000004e-01;2.6750000000000002e-01;0.0000000000000000e+00
2101;0;1;5.0749999999999995e-01;2.6750000000000002e-01;0.0000000000000000e+00
2102;0;1;5.3249999999999997e-01;2.6750000000000002e-01;0.0000000000000000e+00
2103;0;1;5.5750000000000000e-01;2.6750000000000002e-01;0.0000000000000000e+00
2104;0;1;5.8250000000000002e-01;2.6750000000000002e-01;0.0000000000000000e+00
2105;0;1;6.0750000000000004e-01;2.6750000000000002e-01;0.0000000000000000e+00
2106;0;1;6.3249999999999995e-01;2.6750000000000002e-01;0.0000000000000000e+00
2107;0;1;6.5749999999999997e-01;2.6750000000000002e-01;0.0000000000000000e+00
2108;0;1;6.8250000000000000e-01;2.6750000000000002e-01;0.0000000000000000e+00
2109;0;1;7.0750000000000002e-01;2.6750000000000002e-01;0.0000000000000000e+00
2110;0;1;7.3250000000000004e-01;2.6750000000000002e-01;0.0000000000000000e+00
2111;0;1;7.5749999999999995e-01;2.6750000000000002e-01;0.0000000000000000e+00
2112;0;1;7.8249999999999997e-01;2.6750000000000002e-01;0.0000000000000000e+00
2113;0;1;8.0750000000000000e-01;2.6750000000000002e-01;0.0000000000000000e+00
2114;0;1;8.3250000000000002e-01;2.6750000000000002e-01;0.0000000000000000e+00
2115;0;1;8.5750000000000004e-01;2.6750000000000002e-01;0.0000000000000000e+00
2116;0;1;8.8249999999999995e-01;2.6750000000000002e-01;0.0000000000000000e+00
2117;0;1;9.0749999999999997e-01;2.6750000000000002e-01;0.0000000000000000e+00
2118;0;1;9.3250000000000000e-01;2.6750000000000002e-01;0.0000000000000000e+00
2119;0;1;9.5750000000000002e-01;2.6750000000000002e-01;0.0000000000000000e+00
2120;0;1;9.8250000000000004e-01;2.6750000000000002e-01;0.0000000000000000e+00
2121;0;1;7.4999999999999997e-03;2.9250000000000004e-01;0.0000000000000000e+00
2122;0;1;3.2500000000000001e-02;2.9250000000000004e-01;0.0000000000000000e+00
2123;0;1;5.7500000000000002e-02;2.9250000000000004e-01;0.0000000000000000e+00
2124;0;1;8.2500000000000018e-02;2.9250000000000004e-01;0.0000000000000000e+00
2125;0;1;1.0750000000000001e-01;2.9250000000000004e-01;0.0000000000000000e+00
2126;0;1;1.3250000000000001e-01;2.9250000000000004e-01;0.0000000000000000e+00
2127;0;1;1.5750000000000003e-01;2.9250000000000004e-01;0.0000000000000000e+00
2128;0;1;1.8250000000000002e-01;2.9250000000000004e-01;0.0000000000000000e+00
2129;0;1;2.0750000000000002e-01;2.9250000000000004e-01;0.0000000000000000e+00
2130;0;1;2.3250000000000001e-01;2.9250000000000004e-01;0.0000000000000000e+00
2131;0;1;2.5750000000000001e-01;2.9250000000000004e-01;0.0000000000000000e+00
2132;0;1;2.8250000000000003e-01;2.9250000000000004e-01;0.0000000000000000e+00
2133;0;1;3.0750000000000005e-01;2.9250000000000004e-01;0.0000000000000000e+00
2134;0;1;3.3250000000000002e-01;2.9250000000000004e-01;0.0000000000000000e+00
2135;0;1;3.5750000000000004e-01;2.9250000000000004e-01;0.0000000000000000e+00
2136;0;1;3.8250000000000001e-01;2.9250000000000004e-01;0.0000000000000000e+00
2137;0;1;4.0750000000000003e-01;2.9250000000000004e-01;0.0000000000000000e+00
2138;0;1;4.3250000000000005e-01;2.9250000000000004e-01;0.0000000000000000e+00
2139;0;1;4.5750000000000002e-01;2.9250000000000004e-01;0.0000000000000000e+00
2140;0;1;4.8250000000000004e-01;2.9250000000000004e-01;0.0000000000000000e+00
2141;0;1;5.0749999999999995e-01;2.9250000000000004e-01;0.0000000000000000e+00
2142;0;1;5.3249999999999997e-01;2.9250000000000004e-01;0.0000000000000000e+00
2143;0;1;5.5750000000000000e-01;2.9250000000000004e-01;0.0000000000000000e+00
2144;0;1;5.8250000000000002e-01;2.9250000000000004e-01;0.0000000000000000e+00
2145;0;1;6.0750000000000004e-01;2.9250000000000004e-01;0.0000000000000000e+00
2146;0;1;6.3249999999999995e-01;2.9250000000000004e-01;0.0000000000000000e+00
2147;0;1;6.5749999999999997e-01;2.9250000000000004e-01;0.0000000000000000e+00
2148;0;1;6.8250000000000000e-01;2.9250000000000004e-01;0.0000000000000000e+00
2149;0;1;7.0750000000000002e-01;2.9250000000000004e-01;0.0000000000000000e+00
2150;0;1;7.3250000000000004e-01;2.9250000000000004e-01;0.0000000000000000e+00
2151;0;1;7.5749999999999995e-01;2.9250000000000004e-01;0.0000000000000000e+00
2152;0;1;7.8249999999999997e-01;2.9250000000000004e-01;0.0000000000000000e+00
2153;0;1;8.0750000000000000e-01;2.9250000000000004e-01;0.0000000000000000e+00
2154;0;1;8.3250000000000002e-01;2.9250000000000004e-01;0.0000000000000000e+00
2155;0;1;8.5750000000000004e-01;2.9250000000000004e-01;0.0000000000000000e+00
2156;0;1;8.8249999999999995e-01;2.9250000000000004e-01;0.0000000000000000e+00
2157;0;1;9.0749999999999997e-01;2.9250000000000004e-01;0.0000000000000000e+00
2158;0;1;9.3250000000000000e-01;2.9250000000000004e-01;0.0000000000000000e+00
2159;0;1;9.5750000000000002e-01;2.9250000000000004e-01;0.0000000000000000e+00
2160;0;1;9.8250000000000004e-01;2.9250000000000004e-01;0.0000000000000000e+00
2161;0;1;7.4999999999999997e-03;3.1750000000000006e-01;0.0000000000000000e+00
2162;0;1;3.2500000000000001e-02;3.1750000000000006e-01;0.0000000000000000e+00
2163;0;1;5.7500000000000002e-02;3.1750000000000006e-01;0.0000000000000000e+00
2164;0;1;8.2500000000000018e-02;3.1750000000000006e-01;0.0000000000000000e+00
2165;0;1;1.0750000000000001e-01;3.1750000000000006e-01;0.0000000000000000e+00
2166;0;1;1.3250000000000001e-01;3.1750000000000006e-01;0.0000000000000000e+00
2167;0;1;1.5750000000000003e-01;3.1750000000000006e-01;0.0000000000000000e+00
2168;0;1;1.8250000000000002e-01;3.1750000000000006e-01;0.0000000000000000e+00
2169;0;1;2.0750000000000002e-01;3.1750000000000006e-01;0.0000000000000000e+00
2170;0;1;2.3250000000000001e-01;3.1750000000000006e-01;0.0000000000000000e+00
2171;0;1;2.5750000000000001e-01;3.1750000000000006e-01;0.0000000000000000e+00
2172;0;1;2.8250000000000003e-01;3.1750000000000006e-01;0.0000000000000000e+00
2173;0;1;3.0750000000000005e-01;3.1750000000000006e-01;0.0000000000000000e+00
2174;0;1;3.3250000000000002e-01;3.1750000000000006e-01;0.0000000000000000e+00
2175;0;1;3.5750000000000004e-01;3.1750000000000006e-01;0.0000000000000000e+00
2176;0;1;3.8250000000000001e-01;3.1750000000000006e-01;0.0000000000000000e+00
2177;0;1;4.0750000000000003e-01;3.1750000000000006e-01;0.0000000000000000e+00
2178;0;1;4.3250000000000005e-01;3.1750000000000006e-01;0.0000000000000000e+00
2179;0;1;4.5750000000000002e-01;3.1750000000000006e-01;0.0000000000000000e+00
2180;0;1;4.8250000000000004e-01;3.1750000000000006e-01;0.0000000000000000e+00
2181;0;1;5.0749999999999995e-01;3.1750000000000006e-01;0.0000000000000000e+00
2182;0;1;5.3249999999999997e-01;3.1750000000000006e-01;0.0000000000000000e+00
2183;0;1;5.5750000000000000e-01;3.1750000000000006e-01;0.0000000000000000e+00
2184;0;1;5.8250000000000002e-01;3.1750000000000006e-01;0.0000000000000000e+00
2185;0;1;6.0750000000000004e-01;3.1750000000000006e-01;0.0000000000000000e+00
2186;0;1;6.3249999999999995e-01;3.1750000000000006e-01;0.0000000000000000e+00
2187;0;1;6.5749999999999997e-01;3.1750000000000006e-01;0.0000000000000000e+00
2188;0;1;6.8250000000000000e-01;3.1750000000000006e-01;0.0000000000000000e+00
2189;0;1;7.0750000000000002e-01;3.1750000000000006e-01;0.0000000000000000e+00
2190;0;1;7.3250000000000004e-01;3.1750000000000006e-01;0.0000000000000000e+00
2191;0;1;7.5749999999999995e-01;3.1750000000000006e-01;0.0000000000000000e+00
2192;0;1;7.8249999999999997e-01;3.1750000000000006e-01;0.0000000000000000e+00
2193;0;1;8.0750000000000000e-01;3.1750000000000006e-01;0.0000000000000000e+00
2194;0;1;8.3250000000000002e-01;3.1750000000000006e-01;0.0000000000000000e+00
2195;0;1;8.5750000000000004e-01;3.1750000000000006e-01;0.0000000000000000e+00
2196;0;1;8.8249999999999995e-01;3.1750000000000006e-01;0.0000000000000000e+00
2197;0;1;9.0749999999999997e-01;3.1750000000000006e-01;0.0000000000000000e+00
2198;0;1;9.3250000000000000e-01;3.1750000000000006e-01;0.0000000000000000e+00
2199;0;1;9.5750000000000002e-01;3.1750000000000006e-01;0.0000000000000000e+00
2200;0;1;9.8250000000000004e-01;3.1750000000000006e-01;0.0000000000000000e+00
2201;0;1;7.4999999999999997e-03;3.4250000000000003e-01;0.0000000000000000e+00
2202;0;1;3.2500000000000001e-02;3.4250000000000003e-01;0.0000000000000000e+00
2203;0;1;5.7500000000000002e-02;3.4250000000000003e-01;0.0000000000000000e+00
2204;0;1;8.2500000000000018e-02;3.4250000000000003e-01;0.0000000000000000e+00
2205;0;1;1.0750000000000001e-01;3.4250000000000003e-01;0.0000000000000000e+00
2206;0;1;1.3250000000000001e-01;3.4250000000000003e-01;0.0000000000000000e+00
2207;0;1;1.5750000000000003e-01;3.4250000000000003e-01;0.0000000000000000e+00
2208;0;1;1.8250000000000002e-01;3.4250000000000003e-01;0.0000000000000000e+00
2209;0;1;2.0750000000000002e-01;3.4250000000000003e-01;0.0000000000000000e+00
2210;0;1;2.3250000000000001e-01;3.4250000000000003e-01;0.0000000000000000e+00
2211;0;1;2.5750000000000001e-01;3.4250000000000003e-01;0.0000000000000000e+00
2212;0;1;2.8250000000000003e-01;3.4250000000000003e-01;0.0000000000000000e+00
2213;0;1;3.0750000000000005e-01;3.4250000000000003e-01;0.0000000000000000e+00
2214;0;1;3.3250000000000002e-01;3.4250000000000003e-01;0.0000000000000000e+00
2215;0;1;3.5750000000000004e-01;3.4250000000000003e-01;0.0000000000000000e+00
2216;0;1;3.8250000000000001e-01;3.4250000000000003e-01;0.0000000000000000e+00
2217;0;1;4.0750000000000003e-01;3.4250000000000003e-01;0.0000000000000000e+00
2218;0;1;4.3250000000000005e-01;3.4250000000000003e-01;0.0000000000000000e+00
2219;0;1;4.5750000000000002e-01;3.4250000000000003e-01;0.0000000000000000e+00
2220;0;1;4.8250000000000004e-01;3.4250000000000003e-01;0.0000000000000000e+00
2221;0;1;5.0749999999999995e-01;3.4250000000000003e-01;0.0000000000000000e+00
2222;0;1;5.3249999999999997e-01;3.4250000000000003e-01;0.0000000000000000e+00
2223;0;1;5.5750000000000000e-01;3.4250000000000003e-01;0.0000000000000000e+00
2224;0;1;5.8250000000000002e-01;3.4250000000000003e-01;0.0000000000000000e+00
2225;0;1;6.0750000000000004e-01;3.4250000000000003e-01;0.0000000000000000e+00
2226;0;1;6.3249999999999995e-01;3.4250000000000003e-01;0.0000000000000000e+00
2227;0;1;6.5749999999999997e-01;3.4250000000000003e-01;0.0000000000000000e+00
2228;0;1;6.8250000000000000e-01;3.4250000000000003e-01;0.0000000000000000e+00
2229;0;1;7.0750000000000002e-01;3.4250000000000003e-01;0.0000000000000000e+00
2230;0;1;7.3250000000000004e-01;3.4250000000000003e-01;0.0000000000000000e+00
2231;0;1;7.5749999999999995e-01;3.4250000000000003e-01;0.0000000000000000e+00
2232;0;1;7.8249999999999997e-01;3.4250000000000003e-01;0.0000000000000000e+00
2233;0;1;8.0750000000000000e-01;3.4250000000000003e-01;0.0000000000000000e+00
2234;0;1;8.3250000000000002e-01;3.4250000000000003e-01;0.0000000000000000e+00
2235;0;1;8.5750000000000004e-01;3.4250000000000003e-01;0.0000000000000000e+00
2236;0;1;8.8249999999999995e-01;3.4250000000000003e-01;0.0000000000000000e+00
2237;0;1;9.0749999999999997e-01;3.4250000000000003e-01;0.0000000000000000e+00
2238;0;1;9.3250000000000000e-01;3.4250000000000003e-01;0.0000000000000000e+00
2239;0;1;9.5750000000000002e-01;3.4250000000000003e-01;0.0000000000000000e+00
2240;0;1;9.8250000000000004e-01;3.4250000000000003e-01;0.0000000000000000e+00
2241;0;1;7.4999999999999997e-03;3.6750000000000005e-01;0.0000000000000000e+00
2242;0;1;3.2500000000000001e-02;3.6750000000000005e-01;0.0000000000000000e+00
2243;0;1;5.7500000000000002e-02;3.6750000000000005e-01;0.0000000000000000e+00
2244;0;1;8.2500000000000018e-02;3.6750000000000005e-01;0.0000000000000000e+00
2245;0;1;1.0750000000000001e-01;3.6750000000000005e-01;0.0000000000000000e+00
2246;0;1;1.3250000000000001e-01;3.6750000000000005e-01;0.0000000000000000e+00
2247;0;1;1.5750000000000003e-01;3.6750000000000005e-01;0.0000000000000000e+00
2248;0;1;1.8250000000000002e-01;3.6750000000000005e-01;0.0000000000000000e+00
2249;0;1;2.0750000000000002e-01;3.6750000000000005e-01;0.0000000000000000e+00
2250;0;1;2.3250000000000001e-01;3.6750000000000005e-01;0.0000000000000000e+00
2251;0;1;2.5750000000000001e-01;3.6750000000000005e-01;0.0000000000000000e+00
2252;0;1;2.8250000000000003e-01;3.6750000000000005e-01;0.0000000000000000e+00
2253;0;1;3.0750000000000005e-01;3.6750000000000005e-01;0.0000000000000000e+00
2254;0;1;3.3250000000000002e-01;3.6750000000000005e-01;0.0000000000000000e+00
2255;0;1;3.5750000000000004e-01;3.6750000000000005e-01;0.0000000000000000e+00
2256;0;1;3.8250000000000001e-01;3.6750000000000005e-01;0.0000000000000000e+00
2257;0;1;4.0750000000000003e-01;3.6750000000000005e-01;0.0000000000000000e+00
2258;0;1;4.3250000000000005e-01;3.6750000000000005e-01;0.0000000000000000e+00
2259;0;1;4.5750000000000002e-01;3.6750000000000005e-01;0.0000000000000000e+00
2260;0;1;4.8250000000000004e-01;3.6750000000000005e-01;0.0000000000000000e+00
2261;0;1;5.0749999999999995e-01;3.6750000000000005e-01;0.0000000000000000e+00
2262;0;1;5.3249999999999997e-01;3.6750000000000005e-01;0.0000000000000000e+00
2263;0;1;5.5750000000000000e-01;3.6750000000000005e-01;0.0000000000000000e+00
2264;0;1;5.8250000000000002e-01;3.6750000000000005e-01;0.0000000000000000e+00
2265;0;1;6.0750000000000004e-01;3.6750000000000005e-01;0.0000000000000000e+00
2266;0;1;6.3249999999999995e-01;3.6750000000000005e-01;0.0000000000000000e+00
2267;0;1;6.5749999999999997e-01;3.6750000000000005e-01;0.0000000000000000e+00
2268;0;1;6.8250000000000000e-01;3.6750000000000005e-01;0.0000000000000000e+00
2269;0;1;7.0750000000000002e-01;3.6750000000000005e-01;0.0000000000000000e+00
2270;0;1;7.3250000000000004e-01;3.6750000000000005e-01;0.0000000000000000e+00
2271;0;1;7.5749999999999995e-01;3.6750000000000005e-01;0.0000000000000000e+00
2272;0;1;7.8249999999999997e-01;3.6750000000000005e-01;0.0000000000000000e+00
2273;0;1;8.0750000000000000e-01;3.6750000000000005e-01;0.0000000000000000e+00
2274;0;1;8.3250000000000002e-01;3.6750000000000005e-01;0.0000000000000000e+00
2275;0;1;8.5750000000000004e-01;3.6750000000000005e-01;0.0000000000000000e+00
2276;0;1;8.8249999999999995e-01;3.6750000000000005e-01;0.0000000000000000e+00
2277;0;1;9.0749999999999997e-01;3.6750000000000005e-01;0.0000000000000000e+00
2278;0;1;9.3250000000000000e-01;3.6750000000000005e-01;0.0000000000000000e+00
2279;0;1;9.5750000000000002e-01;3.6750000000000005e-01;0.0000000000000000e+00
2280;0;1;9.8250000000000004e-01;3.6750000000000005e-01;0.0000000000000000e+00
2281;0;1;7.4999999999999997e-03;3.9250000000000002e-01;0.0000000000000000e+00
2282;0;1;3.2500000000000001e-02;3.9250000000000002e-01;0.0000000000000000e+00
2283;0;1;5.7500000000000002e-02;3.9250000000000002e-01;0.0000000000000000e+00
2284;0;1;8.2500000000000018e-02;3.9250000000000002e-01;0.0000000000000000e+00
2285;0;1;1.0750000000000001e-01;3.9250000000000002e-01;0.0000000000000000e+00
2286;0;1;1.3250000000000001e-01;3.9250000000000002e-01;0.0000000000000000e+00
2287;0;1;1.5750000000000003e-01;3.9250000000000002e-01;0.0000000000000000e+00
2288;0;1;1.8250000000000002e-01;3.9250000000000002e-01;0.0000000000000000e+00
2289;0;1;2.0750000000000002e-01;3.9250000000000002e-01;0.0000000000000000e+00
2290;0;1;2.3250000000000001e-01;3.9250000000000002e-01;0.0000000000000000e+00
2291;0;1;2.5750000000000001e-01;3.9250000000000002e-01;0.0000000000000000e+00
2292;0;1;2.8250000000000003e-01;3.9250000000000002e-01;0.0000000000000000e+00
2293;0;1;3.0750000000000005e-01;3.9250000000000002e-01;0.0000000000000000e+00
2294;0;1;3.3250000000000002e-01;3.9250000000000002e-01;0.0000000000000000e+00
2295;0;1;3.5750000000000004e-01;3.9250000000000002e-01;0.0000000000000000e+00
2296;0;1;3.8250000000000001e-01;3.9250000000000002e-01;0.0000000000000000e+00
2297;0;1;4.0750000000000003e-01;3.9250000000000002e-01;0.0000000000000000e+00
2298;0;1;4.3250000000000005e-01;3.9250000000000002e-01;0.0000000000000000e+00
2299;0;1;4.5750000000000002e-01;3.9250000000000002e-01;0.0000000000000000e+00
2300;0;1;4.8250000000000004e-01;3.9250000000000002e-01;0.0000000000000000e+00
2301;0;1;5.0749999999999995e-01;3.9250000000000002e-01;0.0000000000000000e+00
2302;0;1;5.3249999999999997e-01;3.9250000000000002e-01;0.0000000000000000e+00
2303;0;1;5.5750000000000000e-01;3.9250000000000002e-01;0.0000000000000000e+00
2304;0;1;5.8250000000000002e-01;3.9250000000000002e-01;0.0000000000000000e+00
2305;0;1;6.0750000000000004e-01;3.9250000000000002e-01;0.0000000000000000e+00
2306;0;1;6.3249999999999995e-01;3.9250000000000002e-01;0.0000000000000000e+00
2307;0;1;6.5749999999999997e-01;3.9250000000000002e-01;0.0000000000000000e+00
2308;0;1;6.8250000000000000e-01;3.9250000000000002e-01;0.0000000000000000e+00
2309;0;1;7.0750000000000002e-01;3.9250000000000002e-01;0.0000000000000000e+00
2310;0;1;7.3250000000000004e-01;3.9250000000000002e-01;0.0000000000000000e+00
2311;0;1;7.5749999999999995e-01;3.9250000000000002e-01;0.0000000000000000e+00
2312;0;1;7.8249999999999997e-01;3.9250000000000002e-01;0.0000000000000000e+00
2313;0;1;8.0750000000000000e-01;3.9250000000000002e-01;0.0000000000000000e+00
2314;0;1;8.3250000000000002e-01;3.9250000000000002e-01;0.0000000000000000e+00
2315;0;1;8.5750000000000004e-01;3.9250000000000002e-01;0.0000000000000000e+00
2316;0;1;8.8249999999999995e-01;3.9250000000000002e-01;0.0000000000000000e+00
2317;0;1;9.0749999999999997e-01;3.9250000000000002e-01;0.0000000000000000e+00
2318;0;1;9.3250000000000000e-01;3.9250000000000002e-01;0.0000000000000000e+00
2319;0;1;9.5750000000000002e-01;3.9250000000000002e-01;0.0000000000000000e+00
2320;0;1;9.8250000000000004e-01;3.9250000000000002e-01;0.0000000000000000e+00
2321;0;1;7.4999999999999997e-03;4.1750000000000004e-01;0.0000000000000000e+00
2322;0;1;3.2500000000000001e-02;4.1750000000000004e-01;0.0000000000000000e+00
2323;0;1;5.7500000000000002e-02;4.1750000000000004e-01;0.0000000000000000e+00
2324;0;1;8.2500000000000018e-02;4.1750000000000004e-01;0.0000000000000000e+00
2325;0;1;1.0750000000000001e-01;4.1750000000000004e-01;0.0000000000000000e+00
2326;0;1;1.3250000000000001e-01;4.1750000000000004e-01;0.0000000000000000e+00
2327;0;1;1.5750000000000003e-01;4.1750000000000004e-01;0.0000000000000000e+00
2328;0;1;1.8250000000000002e-01;4.1750000000000004e-01;0.0000000000000000e+00
2329;0;1;2.0750000000000002e-01;4.1750000000000004e-01;0.0000000000000000e+00
2330;0;1;2.3250000000000001e-01;4.1750000000000004e-01;0.0000000000000000e+00
2331;0;1;2.5750000000000001e-01;4.1750000000000004e-01;0.0000000000000000e+00
2332;0;1;2.8250000000000003e-01;4.1750000000000004e-01;0.0000000000000000e+00
2333;0;1;3.0750000000000005e-01;4.1750000000000004e-01;0.0000000000000000e+00
2334;0;1;3.3250000000000002e-01;4.1750000000000004e-01;0.0000000000000000e+00
2335;0;1;3.5750000000000004e-01;4.1750000000000004e-01;0.0000000000000000e+00
2336;0;1;3.8250000000000001e-01;4.1750000000000004e-01;0.0000000000000000e+00
2337;0;1;4.0750000000000003e-01;4.1750000000000004e-01;0.0000000000000000e+00
2338;0;1;4.3250000000000005e-01;4.1750000000000004e-01;0.0000000000000000e+00
2339;0;1;4.5750000000000002e-01;4.1750000000000004e-01;0.0000000000000000e+00
2340;0;1;4.8250000000000004e-01;4.1750000000000004e-01;0.0000000000000000e+00
2341;0;1;5.0749999999999995e-01;4.1750000000000004e-01;0.0000000000000000e+00
2342;0;1;5.3249999999999997e-01;4.1750000000000004e-01;0.0000000000000000e+00
2343;0;1;5.5750000000000000e-01;4.1750000000000004e-01;0.0000000000000000e+00
2344;0;1;5.8250000000000002e-01;4.1750000000000004e-01;0.0000000000000000e+00
2345;0;1;6.0750000000000004e-01;4.1750000000000004e-01;0.0000000000000000e+00
2346;0;1;6.3249999999999995e-01;4.1750000000000004e-01;0.0000000000000000e+00
2347;0;1;6.5749999999999997e-01;4.1750000000000004e-01;0.0000000000000000e+00
2348;0;1;6.8250000000000000e-01;4.1750000000000004e-01;0.0000000000000000e+00
2349;0;1;7.0750000000000002e-01;4.1750000000000004e-01;0.0000000000000000e+00
2350;0;1;7.3250000000000004e-01;4.1750000000000004e-01;0.0000000000000000e+00
2351;0;1;7.5749999999999995e-01;4.1750000000000004e-01;0.0000000000000000e+00
2352;0;1;7.8249999999999997e-01;4.1750000000000004e-01;0.0000000000000000e+00
2353;0;1;8.0750000000000000e-01;4.1750000000000004e-01;0.0000000000000000e+00
2354;0;1;8.3250000000000002e-01;4.1750000000000004e-01;0.0000000000000000e+00
2355;0;1;8.5750000000000004e-01;4.1750000000000004e-01;0.0000000000000000e+00
2356;0;1;8.8249999999999995e-01;4.1750000000000004e-01;0.0000000000000000e+00
2357;0;1;9.0749999999999997e-01;4.1750000000000004e-01;0.0000000000000000e+00
2358;0;1;9.3250000000000000e-01;4.1750000000000004e-01;0.0000000000000000e+00
2359;0;1;9.5750000000000002e-01;4.1750000000000004e-01;0.0000000000000000e+00
2360;0;1;9.8250000000000004e-01;4.1750000000000004e-01;0.0000000000000000e+00
2361;0;1;7.4999999999999997e-03;4.4250000000000006e-01;0.0000000000000000e+00
2362;0;1;3.2500000000000001e-02;4.4250000000000006e-01;0.0000000000000000e+00
2363;0;1;5.7500000000000002e-02;4.4250000000000006e-01;0.0000000000000000e+00
2364;0;1;8.2500000000000018e-02;4.4250000000000006e-01;0.0000000000000000e+00
2365;0;1;1.0750000000000001e-01;4.4250000000000006e-01;0.0000000000000000e+00
2366;0;1;1.3250000000000001e-01;4.4250000000000006e-01;0.0000000000000000e+00
2367;0;1;1.5750000000000003e-01;4.4250000000000006e-01;0.0000000000000000e+00
2368;0;1;1.8250000000000002e-01;4.4250000000000006e-01;0.0000000000000000e+00
2369;0;1;2.0750000000000002e-01;4.4250000000000006e-01;0.0000000000000000e+00
2370;0;1;2.3250000000000001e-01;4.4250000000000006e-01;0.0000000000000000e+00
2371;0;1;2.5750000000000001e-01;4.4250000000000006e-01;0.0000000000000000e+00
2372;0;1;2.8250000000000003e-01;4.4250000000000006e-01;0.0000000000000000e+00
2373;0;1;3.0750000000000005e-01;4.4250000000000006e-01;0.0000000000000000e+00
2374;0;1;3.3250000000000002e-01;4.4250000000000006e-01;0.0000000000000000e+00
2375;0;1;3.5750000000000004e-01;4.4250000000000006e-01;0.0000000000000000e+00
2376;0;1;3.8250000000000001e-01;4.4250000000000006e-01;0.0000000000000000e+00
2377;0;1;4.0750000000000003e-01;4.4250000000000006e-01;0.0000000000000000e+00
2378;0;1;4.3250000000000005e-01;4.4250000000000006e-01;0.0000000000000000e+00
2379;0;1;4.5750000000000002e-01;4.4250000000000006e-01;0.0000000000000000e+00
2380;0;1;4.8250000000000004e-01;4.4250000000000006e-01;0.0000000000000000e+00
2381;0;1;5.0749999999999995e-01;4.4250000000000006e-01;0.0000000000000000e+00
2382;0;1;5.3249999999999997e-01;4.4250000000000006e-01;0.0000000000000000e+00
2383;0;1;5.5750000000000000e-01;4.4250000000000006e-01;0.0000000000000000e+00
2384;0;1;5.8250000000000002e-01;4.4250000000000006e-01;0.0000000000000000e+00
2385;0;1;6.0750000000000004e-01;4.4250000000000006e-01;0.0000000000000000e+00
2386;0;1;6.3249999999999995e-01;4.4250000000000006e-01;0.0000000000000000e+00
2387;0;1;6.5749999999999997e-01;4.4250000000000006e-01;0.0000000000000000e+00
2388;0;1;6.8250000000000000e-01;4.4250000000000006e-01;0.0000000000000000e+00
2389;0;1;7.0750000000000002e-01;4.4250000000000006e-01;0.0000000000000000e+00
2390;0;1;7.3250000000000004e-01;4.4250000000000006e-01;0.0000000000000000e+00
2391;0;1;7.5749999999999995e-01;4.4250000000000006e-01;0.0000000000000000e+00
2392;0;1;7.8249999999999997e-01;4.4250000000000006e-01;0.0000000000000000e+00
2393;0;1;8.0750000000000000e-01;4.4250000000000006e-01;0.0000000000000000e+00
2394;0;1;8.3250000000000002e-01;4.4250000000000006e-01;0.0000000000000000e+00
2395;0;1;8.5750000000000004e-01;4.4250000000000006e-01;0.0000000000000000e+00
2396;0;1;8.8249999999999995e-01;4.4250000000000006e-01;0.0000000000000000e+00
2397;0;1;9.0749999999999997e-01;4.4250000000000006e-01;0.0000000000000000e+00
2398;0;1;9.3250000000000000e-01;4.4250000000000006e-01;0.0000000000000000e+00
2399;0;1;9.5750000000000002e-01;4.4250000000000006e-01;0.0000000000000000e+00
2400;0;1;9.8250000000000004e-01;4.4250000000000006e-01;0.0000000000000000e+00
2401;0;1;7.4999999999999997e-03;4.6750000000000003e-01;0.0000000000000000e+00
2402;0;1;3.2500000000000001e-02;4.6750000000000003e-01;0.0000000000000000e+00
2403;0;1;5.7500000000000002e-02;4.6750000000000003e-01;0.0000000000000000e+00
2404;0;1;8.2500000000000018e-02;4.6750000000000003e-01;0.0000000000000000e+00
2405;0;1;1.0750000000000001e-01;4.6750000000000003e-01;0.0000000000000000e+00
2406;0;1;1.3250000000000001e-01;4.6750000000000003e-01;0.0000000000000000e+00
2407;0;1;1.5750000000000003e-01;4.6750000000000003e-01;0.0000000000000000e+00
2408;0;1;1.8250000000000002e-01;4.6750000000000003e-01;0.0000000000000000e+00
2409;0;1;2.0750000000000002e-01;4.6750000000000003e-01;0.0000000000000000e+00
2410;0;1;2.3250000000000001e-01;4.6750000000000003e-01;0.0000000000000000e+00
2411;0;1;2.5750000000000001e-01;4.6750000000000003e-01;0.0000000000000000e+00
2412;0;1;2.8250000000000003e-01;4.6750000000000003e-01;0.0000000000000000e+00
2413;0;1;3.0750000000000005e-01;4.6750000000000003e-01;0.0000000000000000e+00
2414;0;1;3.3250000000000002e-01;4.6750000000000003e-01;0.0000000000000000e+00
2415;0;1;3.5750000000000004e-01;4.6750000000000003e-01;0.0000000000000000e+00
2416;0;1;3.8250000000000001e-01;4.6750000000000003e-01;0.0000000000000000e+00
2417;0;1;4.0750000000000003e-01;4.6750000000000003e-01;0.0000000000000000e+00
2418;0;1;4.3250000000000005e-01;4.6750000000000003e-01;0.0000000000000000e+00
2419;0;1;4.5750000000000002e-01;4.6750000000000003e-01;0.0000000000000000e+00
2420;0;1;4.8250000000000004e-01;4.6750000000000003e-01;0.0000000000000000e+00
2421;0;1;5.0749999999999995e-01;4.6750000000000003e-01;0.0000000000000000e+00
2422;0;1;5.3249999999999997e-01;4.6750000000000003e-01;0.0000000000000000e+00
2423;0;1;5.5750000000000000e-01;4.6750000000000003e-01;0.0000000000000000e+00
2424;0;1;5.8250000000000002e-01;4.6750000000000003e-01;0.0000000000000000e+00
2425;0;1;6.0750000000000004e-01;4.6750000000000003e-01;0.0000000000000000e+00
2426;0;1;6.3249999999999995e-01;4.6750000000000003e-01;0.0000000000000000e+00
2427;0;1;6.5749999999999997e-01;4.6750000000000003e-01;0.0000000000000000e+00
2428;0;1;6.8250000000000000e-01;4.6750000000000003e-01;0.0000000000000000e+00
2429;0;1;7.0750000000000002e-01;4.6750000000000003e-01;0.0000000000000000e+00
2430;0;1;7.3250000000000004e-01;4.6750000000000003e-01;0.0000000000000000e+00
2431;0;1;7.5749999999999995e-01;4.6750000000000003e-01;0.0000000000000000e+00
2432;0;1;7.8249999999999997e-01;4.6750000000000003e-01;0.0000000000000000e+00
2433;0;1;8.0750000000000000e-01;4.6750000000000003e-01;0.0000000000000000e+00
2434;0;1;8.3250000000000002e-01;4.6750000000000003e-01;0.0000000000000000e+00
2435;0;1;8.5750000000000004e-01;4.6750000000000003e-01;0.0000000000000000e+00
2436;0;1;8.8249999999999995e-01;4.6750000000000003e-01;0.0000000000000000e+00
2437;0;1;9.0749999999999997e-01;4.6750000000000003e-01;0.0000000000000000e+00
2438;0;1;9.3250000000000000e-01;4.6750000000000003e-01;0.0000000000000000e+00
2439;0;1;9.5750000000000002e-01;4.6750000000000003e-01;0.0000000000000000e+00
2440;0;1;9.8250000000000004e-01;4.6750000000000003e-01;0.0000000000000000e+00
2441;0;1;7.4999999999999997e-03;4.9250000000000005e-01;0.0000000000000000e+00
2442;0;1;3.2500000000000001e-02;4.9250000000000005e-01;0.0000000000000000e+00
2443;0;1;5.7500000000000002e-02;4.9250000000000005e-01;0.0000000000000000e+00
2444;0;1;8.2500000000000018e-02;4.9250000000000005e-01;0.0000000000000000e+00
2445;0;1;1.0750000000000001e-01;4.9250000000000005e-01;0.0000000000000000e+00
2446;0;1;1.3250000000000001e-01;4.9250000000000005e-01;0.0000000000000000e+00
2447;0;1;1.5750000000000003e-01;4.9250000000000005e-01;0.0000000000000000e+00
2448;0;1;1.8250000000000002e-01;4.9250000000000005e-01;0.0000000000000000e+00
2449;0;1;2.0750000000000002e-01;4.9250000000000005e-01;0.0000000000000000e+00
2450;0;1;2.3250000000000001e-01;4.9250000000000005e-01;0.0000000000000000e+00
2451;0;1;2.5750000000000001e-01;4.9250000000000005e-01;0.0000000000000000e+00
2452;0;1;2.8250000000000003e-01;4.9250000000000005e-01;0.0000000000000000e+00
2453;0;1;3.0750000000000005e-01;4.9250000000000005e-01;0.0000000000000000e+00
2454;0;1;3.3250000000000002e-01;4.9250000000000005e-01;0.0000000000000000e+00
2455;0;1;3.5750000000000004e-01;4.9250000000000005e-01;0.0000000000000000e+00
2456;0;1;3.8250000000000001e-01;4.9250000000000005e-01;0.0000000000000000e+00
2457;0;1;4.0750000000000003e-01;4.9250000000000005e-01;0.0000000000000000e+00
2458;0;1;4.3250000000000005e-01;4.9250000000000005e-01;0.0000000000000000e+00
2459;0;1;4.5750000000000002e-01;4.9250000000000005e-01;0.0000000000000000e+00
2460;0;1;4.8250000000000004e-01;4.9250000000000005e-01;0.0000000000000000e+00
2461;0;1;5.0749999999999995e-01;4.9250000000000005e-01;0.0000000000000000e+00
2462;0;1;5.3249999999999997e-01;4.9250000000000005e-01;0.0000000000000000e+00
2463;0;1;5.5750000000000000e-01;4.9250000000000005e-01;0.0000000000000000e+00
2464;0;1;5.8250000000000002e-01;4.9250000000000005e-01;0.0000000000000000e+00
2465;0;1;6.0750000000000004e-01;4.9250000000000005e-01;0.0000000000000000e+00
2466;0;1;6.3249999999999995e-01;4.9250000000000005e-01;0.0000000000000000e+00
2467;0;1;6.5749999999999997e-01;4.9250000000000005e-01;0.0000000000000000e+00
2468;0;1;6.8250000000000000e-01;4.9250000000000005e-01;0.0000000000000000e+00
2469;0;1;7.0750000000000002e-01;4.9250000000000005e-01;0.0000000000000000e+00
2470;0;1;7.3250000000000004e-01;4.9250000000000005e-01;0.0000000000000000e+00
2471;0;1;7.5749999999999995e-01;4.9250000000000005e-01;0.0000000000000000e+00
2472;0;1;7.8249999999999997e-01;4.9250000000000005e-01;0.0000000000000000e+00
2473;0;1;8.0750000000000000e-01;4.9250000000000005e-01;0.0000000000000000e+00
2474;0;1;8.3250000000000002e-01;4.9250000000000005e-01;0.0000000000000000e+00
2475;0;1;8.5750000000000004e-01;4.9250000000000005e-01;0.0000000000000000e+00
2476;0;1;8.8249999999999995e-01;4.9250000000000005e-01;0.0000000000000000e+00
2477;0;1;9.0749999999999997e-01;4.9250000000000005e-01;0.0000000000000000e+00
2478;0;1;9.3250000000000000e-01;4.9250000000000005e-01;0.0000000000000000e+00
2479;0;1;9.5750000000000002e-01;4.9250000000000005e-01;0.0000000000000000e+00
2480;0;1;9.8250000000000004e-01;4.9250000000000005e-01;0.0000000000000000e+00
2481;0;1;7.4999999999999997e-03;5.1749999999999996e-01;0.0000000000000000e+00
2482;0;1;3.2500000000000001e-02;5.1749999999999996e-01;0.0000000000000000e+00
2483;0;1;5.7500000000000002e-02;5.1749999999999996e-01;0.0000000000000000e+00
2484;0;1;8.2500000000000018e-02;5.1749999999999996e-01;0.0000000000000000e+00
2485;0;1;1.0750000000000001e-01;5.1749999999999996e-01;0.0000000000000000e+00
2486;0;1;1.3250000000000001e-01;5.1749999999999996e-01;0.0000000000000000e+00
2487;0;1;1.5750000000000003e-01;5.1749999999999996e-01;0.0000000000000000e+00
2488;0;1;1.8250000000000002e-01;5.1749999999999996e-01;0.0000000000000000e+00
2489;0;1;2.0750000000000002e-01;5.1749999999999996e-01;0.0000000000000000e+00
2490;0;1;2.3250000000000001e-01;5.1749999999999996e-01;0.0000000000000000e+00
2491;0;1;2.5750000000000001e-01;5.1749999999999996e-01;0.0000000000000000e+00
2492;0;1;2.8250000000000003e-01;5.1749999999999996e-01;0.0000000000000000e+00
2493;0;1;3.0750000000000005e-01;5.1749999999999996e-01;0.0000000000000000e+00
2494;0;1;3.3250000000000002e-01;5.1749999999999996e-01;0.0000000000000000e+00
2495;0;1;3.5750000000000004e-01;5.1749999999999996e-01;0.0000000000000000e+00
2496;0;1;3.8250000000000001e-01;5.1749999999999996e-01;0.0000000000000000e+00
2497;0;1;4.0750000000000003e-01;5.1749999999999996e-01;0.0000000000000000e+00
2498;0;1;4.3250000000000005e-01;5.1749999999999996e-01;0.0000000000000000e+00
2499;0;1;4.5750000000000002e-01;5.1749999999999996e-01;0.0000000000000000e+00
2500;0;1;4.8250000000000004e-01;5.1749999999999996e-01;0.0000000000000000e+00
2501;0;1;5.0749999999999995e-01;5.1749999999999996e-01;0.0000000000000000e+00
2502;0;1;5.3249999999999997e-01;5.1749999999999996e-01;0.0000000000000000e+00
2503;0;1;5.5750000000000000e-01;5.1749999999999996e-01;0.0000000000000000e+00
2504;0;1;5.8250000000000002e-01;5.1749999999999996e-01;0.0000000000000000e+00
2505;0;1;6.0750000000000004e-01;5.1749999999999996e-01;0.0000000000000000e+00
2506;0;1;6.3249999999999995e-01;5.1749999999999996e-01;0.0000000000000000e+00
2507;0;1;6.5749999999999997e-01;5.1749999999999996e-01;0.0000000000000000e+00
2508;0;1;6.8250000000000000e-01;5.1749999999999996e-01;0.0000000000000000e+00
2509;0;1;7.0750000000000002e-01;5.1749999999999996e-01;0.0000000000000000e+00
2510;0;1;7.3250000000000004e-01;5.1749999999999996e-01;0.0000000000000000e+00
2511;0;1;7.5749999999999995e-01;5.1749999999999996e-01;0.0000000000000000e+00
2512;0;1;7.8249999999999997e-01;5.1749999999999996e-01;0.0000000000000000e+00
2513;0;1;8.0750000000000000e-01;5.1749999999999996e-01;0.0000000000000000e+00
2514;0;1;8.3250000000000002e-01;5.1749999999999996e-01;0.0000000000000000e+00
2515;0;1;8.5750000000000004e-01;5.1749999999999996e-01;0.0000000000000000e+00
2516;0;1;8.8249999999999995e-01;5.1749999999999996e-01;0.0000000000000000e+00
2517;0;1;9.0749999999999997e-01;5.1749999999999996e-01;0.0000000000000000e+00
2518;0;1;9.3250000000000000e-01;5.1749999999999996e-01;0.0000000000000000e+00
2519;0;1;9.5750000000000002e-01;5.1749999999999996e-01;0.0000000000000000e+00
2520;0;1;9.8250000000000004e-01;5.1749999999999996e-01;0.0000000000000000e+00
2521;0;1;7.4999999999999997e-03;5.4249999999999998e-01;0.0000000000000000e+00
2522;0;1;3.2500000000000001e-02;5.4249999999999998e-01;0.0000000000000000e+00
2523;0;1;5.7500000000000002e-02;5.4249999999999998e-01;0.0000000000000000e+00
2524;0;1;8.2500000000000018e-02;5.4249999999999998e-01;0.0000000000000000e+00
2525;0;1;1.0750000000000001e-01;5.4249999999999998e-01;0.0000000000000000e+00
2526;0;1;1.3250000000000001e-01;5.4249999999999998e-01;0.0000000000000000e+00
2527;0;1;1.5750000000000003e-01;5.4249999999999998e-01;0.0000000000000000e+00
2528;0;1;1.8250000000000002e-01;5.4249999999999998e-01;0.0000000000000000e+00
2529;0;1;2.0750000000000002e-01;5.4249999999999998e-01;0.0000000000000000e+00
2530;0;1;2.3250000000000001e-01;5.4249999999999998e-01;0.0000000000000000e+00
2531;0;1;2.5750000000000001e-01;5.4249999999999998e-01;0.0000000000000000e+00
2532;0;1;2.8250000000000003e-01;5.4249999999999998e-01;0.0000000000000000e+00
2533;0;1;3.0750000000000005e-01;5.4249999999999998e-01;0.0000000000000000e+00
2534;0;1;3.3250000000000002e-01;5.4249999999999998e-01;0.0000000000000000e+00
2535;0;1;3.5750000000000004e-01;5.4249999999999998e-01;0.0000000000000000e+00
2536;0;1;3.8250000000000001e-01;5.4249999999999998e-01;0.0000000000000000e+00
2537;0;1;4.0750000000000003e-01;5.4249999999999998e-01;0.0000000000000000e+00
2538;0;1;4.3250000000000005e-01;5.4249999999999998e-01;0.0000000000000000e+00
2539;0;1;4.5750000000000002e-01;5.4249999999999998e-01;0.0000000000000000e+00
2540;0;1;4.8250000000000004e-01;5.4249999999999998e-01;0.0000000000000000e+00
2541;0;1;5.0749999999999995e-01;5.4249999999999998e-01;0.0000000000000000e+00
2542;0;1;5.3249999999999997e-01;5.4249999999999998e-01;0.0000000000000000e+00
2543;0;1;5.5750000000000000e-01;5.4249999999999998e-01;0.0000000000000000e+00
2544;0;1;5.8250000000000002e-01;5.4249999999999998e-01;0.0000000000000000e+00
2545;0;1;6.0750000000000004e-01;5.4249999999999998e-01;0.0000000000000000e+00
2546;0;1;6.3249999999999995e-01;5.4249999999999998e-01;0.0000000000000000e+00
2547;0;1;6.5749999999999997e-01;5.4249999999999998e-01;0.0000000000000000e+00
2548;0;1;6.8250000000000000e-01;5.4249999999999998e-01;0.0000000000000000e+00
2549;0;1;7.0750000000000002e-01;5.4249999999999998e-01;0.0000000000000000e+00
2550;0;1;7.3250000000000004e-01;5.4249999999999998e-01;0.0000000000000000e+00
2551;0;1;7.5749999999999995e-01;5.4249999999999998e-01;0.0000000000000000e+00
2552;0;1;7.8249999999999997e-01;5.4249999999999998e-01;0.0000000000000000e+00
2553;0;1;8.0750000000000000e-01;5.4249999999999998e-01;0.0000000000000000e+00
2554;0;1;8.3250000000000002e-01;5.4249999999999998e-01;0.0000000000000000e+00
2555;0;1;8.5750000000000004e-01;5.4249999999999998e-01;0.0000000000000000e+00
2556;0;1;8.8249999999999995e-01;5.4249999999999998e-01;0.0000000000000000e+00
2557;0;1;9.0749999999999997e-01;5.4249999999999998e-01;0.0000000000000000e+00
2558;0;1;9.3250000000000000e-01;5.4249999999999998e-01;0.0000000000000000e+00
2559;0;1;9.5750000000000002e-01;5.4249999999999998e-01;0.0000000000000000e+00
2560;0;1;9.8250000000000004e-01;5.4249999999999998e-01;0.0000000000000000e+00
2561;0;1;7.4999999999999997e-03;5.6750000000000000e-01;0.0000000000000000e+00
2562;0;1;3.2500000000000001e-02;5.6750000000000000e-01;0.0000000000000000e+00
2563;0;1;5.7500000000000002e-02;5.6750000000000000e-01;0.0000000000000000e+00
2564;0;1;8.2500000000000018e-02;5.6750000000000000e-01;0.0000000000000000e+00
2565;0;1;1.0750000000000001e-01;5.6750000000000000e-01;0.0000000000000000e+00
2566;0;1;1.3250000000000001e-01;5.6750000000000000e-01;0.0000000000000000e+00
2567;0;1;1.5750000000000003e-01;5.6750000000000000e-01;0.0000000000000000e+00
2568;0;1;1.8250000000000002e-01;5.6750000000000000e-01;0.0000000000000000e+00
2569;0;1;2.0750000000000002e-01;5.6750000000000000e-01;0.0000000000000000e+00
2570;0;1;2.3250000000000001e-01;5.6750000000000000e-01;0.0000000000000000e+00
2571;0;1;2.5750000000000001e-01;5.6750000000000000e-01;0.0000000000000000e+00
2572;0;1;2.8250000000000003e-01;5.6750000000000000e-01;0.0000000000000000e+00
2573;0;1;3.0750000000000005e-01;5.6750000000000000e-01;0.0000000000000000e+00
2574;0;1;3.3250000000000002e-01;5.6750000000000000e-01;0.0000000000000000e+00
2575;0;1;3.5750000000000004e-01;5.6750000000000000e-01;0.0000000000000000e+00
2576;0;1;3.8250000000000001e-01;5.6750000000000000e-01;0.0000000000000000e+00
2577;0;1;4.0750000000000003e-01;5.6750000000000000e-01;0.0000000000000000e+00
2578;0;1;4.3250000000000005e-01;5.6750000000000000e-01;0.0000000000000000e+00
2579;0;1;4.5750000000000002e-01;5.6750000000000000e-01;0.0000000000000000e+00
2580;0;1;4.8250000000000004e-01;5.6750000000000000e-01;0.0000000000000000e+00
2581;0;1;5.0749999999999995e-01;5.6750000000000000e-01;0.0000000000000000e+00
2582;0;1;5.3249999999999997e-01;5.6750000000000000e-01;0.0000000000000000e+00
2583;0;1;5.5750000000000000e-01;5.6750000000000000e-01;0.0000000000000000e+00
2584;0;1;5.8250000000000002e-01;5.6750000000000000e-01;0.0000000000000000e+00
2585;0;1;6.0750000000000004e-01;5.6750000000000000e-01;0.0000000000000000e+00
2586;0;1;6.3249999999999995e-01;5.6750000000000000e-01;0.0000000000000000e+00
2587;0;1;6.5749999999999997e-01;5.6750000000000000e-01;0.0000000000000000e+00
2588;0;1;6.8250000000000000e-01;5.6750000000000000e-01;0.0000000000000000e+00
2589;0;1;7.0750000000000002e-01;5.6750000000000000e-01;0.0000000000000000e+00
2590;0;1;7.3250000000000004e-01;5.6750000000000000e-01;0.0000000000000000e+00
2591;0;1;7.5749999999999995e-01;5.6750000000000000e-01;0.0000000000000000e+00
2592;0;1;7.8249999999999997e-01;5.6750000000000000e-01;0.0000000000000000e+00
2593;0;1;8.0750000000000000e-01;5.6750000000000000e-01;0.0000000000000000e+00
2594;0;1;8.3250000000000002e-01;5.6750000000000000e-01;0.0000000000000000e+00
2595;0;1;8.5750000000000004e-01;5.6750000000000000e-01;0.0000000000000000e+00
2596;0;1;8.8249999999999995e-01;5.6750000000000000e-01;0.0000000000000000e+00
2597;0;1;9.0749999999999997e-01;5.6750000000000000e-01;0.0000000000000000e+00
2598;0;1;9.3250000000000000e-01;5.6750000000000000e-01;0.0000000000000000e+00
2599;0;1;9.5750000000000002e-01;5.6750000000000000e-01;0.0000000000000000e+00
2600;0;1;9.8250000000000004e-01;5.6750000000000000e-01;0.0000000000000000e+00
2601;0;1;7.4999999999999997e-03;5.9250000000000003e-01;0.0000000000000000e+00
2602;0;1;3.2500000000000001e-02;5.9250000000000003e-01;0.0000000000000000e+00
2603;0;1;5.7500000000000002e-02;5.9250000000000003e-01;0.0000000000000000e+00
2604;0;1;8.2500000000000018e-02;5.9250000000000003e-01;0.0000000000000000e+00
2605;0;1;1.0750000000000001e-01;5.9250000000000003e-01;0.0000000000000000e+00
2606;0;1;1.3250000000000001e-01;5.9250000000000003e-01;0.0000000000000000e+00
2607;0;1;1.5750000000000003e-01;5.9250000000000003e-01;0.0000000000000000e+00
2608;0;1;1.8250000000000002e-01;5.9250000000000003e-01;0.0000000000000000e+00
2609;0;1;2.0750000000000002e-01;5.9250000000000003e-01;0.0000000000000000e+00
2610;0;1;2.3250000000000001e-01;5.9250000000000003e-01;0.0000000000000000e+00
2611;0;1;2.5750000000000001e-01;5.9250000000000003e-01;0.0000000000000000e+00
2612;0;1;2.8250000000000003e-01;5.9250000000000003e-01;0.0000000000000000e+00
2613;0;1;3.0750000000000005e-01;5.9250000000000003e-01;0.0000000000000000e+00
2614;0;1;3.3250000000000002e-01;5.9250000000000003e-01;0.0000000000000000e+00
2615;0;1;3.5750000000000004e-01;5.9250000000000003e-01;0.0000000000000000e+00
2616;0;1;3.8250000000000001e-01;5.9250000000000003e-01;0.0000000000000000e+00
2617;0;1;4.0750000000000003e-01;5.9250000000000003e-01;0.0000000000000000e+00
2618;0;1;4.3250000000000005e-01;5.9250000000000003e-01;0.0000000000000000e+00
2619;0;1;4.5750000000000002e-01;5.9250000000000003e-01;0.0000000000000000e+00
2620;0;1;4.8250000000000004e-01;5.9250000000000003e-01;0.0000000000000000e+00
2621;0;1;5.0749999999999995e-01;5.9250000000000003e-01;0.0000000000000000e+00
2622;0;1;5.3249999999999997e-01;5.9250000000000003e-01;0.0000000000000000e+00
2623;0;1;5.5750000000000000e-01;5.9250000000000003e-01;0.0000000000000000e+00
2624;0;1;5.8250000000000002e-01;5.9250000000000003e-01;0.0000000000000000e+00
2625;0;1;6.0750000000000004e-01;5.9250000000000003e-01;0.0000000000000000e+00
2626;0;1;6.3249999999999995e-01;5.9250000000000003e-01;0.0000000000000000e+00
2627;0;1;6.5749999999999997e-01;5.9250000000000003e-01;0.0000000000000000e+00
2628;0;1;6.8250000000000000e-01;5.9250000000000003e-01;0.0000000000000000e+00
2629;0;1;7.0750000000000002e-01;5.9250000000000003e-01;0.0000000000000000e+00
2630;0;1;7.3250000000000004e-01;5.9250000000000003e-01;0.0000000000000000e+00
2631;0;1;7.5749999999999995e-01;5.9250000000000003e-01;0.0000000000000000e+00
2632;0;1;7.8249999999999997e-01;5.9250000000000003e-01;0.0000000000000000e+00
2633;0;1;8.0750000000000000e-01;5.9250000000000003e-01;0.0000000000000000e+00
2634;0;1;8.3250000000000002e-01;5.9250000000000003e-01;0.0000000000000000e+00
2635;0;1;8.5750000000000004e-01;5.9250000000000003e-01;0.0000000000000000e+00
2636;0;1;8.8249999999999995e-01;5.9250000000000003e-01;0.0000000000000000e+00
2637;0;1;9.0749999999999997e-01;5.9250000000000003e-01;0.0000000000000000e+00
2638;0;1;9.3250000000000000e-01;5.9250000000000003e-01;0.0000000000000000e+00
2639;0;1;9.5750000000000002e-01;5.9250000000000003e-01;0.0000000000000000e+00
2640;0;1;9.8250000000000004e-01;5.9250000000000003e-01;0.0000000000000000e+00
2641;0;1;7.4999999999999997e-03;6.1750000000000005e-01;0.0000000000000000e+00
2642;0;1;3.2500000000000001e-02;6.1750000000000005e-01;0.0000000000000000e+00
2643;0;1;5.7500000000000002e-02;6.1750000000000005e-01;0.0000000000000000e+00
2644;0;1;8.2500000000000018e-02;6.1750000000000005e-01;0.0000000000000000e+00
2645;0;1;1.0750000000000001e-01;6.1750000000000005e-01;0.0000000000000000e+00
2646;0;1;1.3250000000000001e-01;6.1750000000000005e-01;0.0000000000000000e+00
2647;0;1;1.5750000000000003e-01;6.1750000000000005e-01;0.0000000000000000e+00
2648;0;1;1.8250000000000002e-01;6.1750000000000005e-01;0.0000000000000000e+00
2649;0;1;2.0750000000000002e-01;6.1750000000000005e-01;0.0000000000000000e+00
2650;0;1;2.3250000000000001e-01;6.1750000000000005e-01;0.0000000000000000e+00
2651;0;1;2.5750000000000001e-01;6.1750000000000005e-01;0.0000000000000000e+00
2652;0;1;2.8250000000000003e-01;6.1750000000000005e-01;0.0000000000000000e+00
2653;0;1;3.0750000000000005e-01;6.1750000000000005e-01;0.0000000000000000e+00
2654;0;1;3.3250000000000002e-01;6.1750000000000005e-01;0.0000000000000000e+00
2655;0;1;3.5750000000000004e-01;6.1750000000000005e-01;0.0000000000000000e+00
2656;0;1;3.8250000000000001e-01;6.1750000000000005e-01;0.0000000000000000e+00
2657;0;1;4.0750000000000003e-01;6.1750000000000005e-01;0.0000000000000000e+00
2658;0;1;4.3250000000000005e-01;6.1750000000000005e-01;0.0000000000000000e+00
2659;0;1;4.5750000000000002e-01;6.1750000000000005e-01;0.0000000000000000e+00
2660;0;1;4.8250000000000004e-01;6.1750000000000005e-01;0.0000000000000000e+00
2661;0;1;5.0749999999999995e-01;6.1750000000000005e-01;0.0000000000000000e+00
2662;0;1;5.3249999999999997e-01;6.1750000000000005e-01;0.0000000000000000e+00
2663;0;1;5.5750000000000000e-01;6.1750000000000005e-01;0.0000000000000000e+00
2664;0;1;5.8250000000000002e-01;6.1750000000000005e-01;0.0000000000000000e+00
2665;0;1;6.0750000000000004e-01;6.1750000000000005e-01;0.0000000000000000e+00
2666;0;1;6.3249999999999995e-01;6.1750000000000005e-01;0.0000000000000000e+00
2667;0;1;6.5749999999999997e-01;6.1750000000000005e-01;0.0000000000000000e+00
2668;0;1;6.8250000000000000e-01;6.1750000000000005e-01;0.0000000000000000e+00
2669;0;1;7.0750000000000002e-01;6.1750000000000005e-01;0.0000000000000000e+00
2670;0;1;7.3250000000000004e-01;6.1750000000000005e-01;0.0000000000000000e+00
2671;0;1;7.5749999999999995e-01;6.1750000000000005e-01;0.0000000000000000e+00
2672;0;1;7.8249999999999997e-01;6.1750000000000005e-01;0.0000000000000000e+00
2673;0;1;8.0750000000000000e-01;6.1750000000000005e-01;0.0000000000000000e+00
2674;0;1;8.3250000000000002e-01;6.1750000000000005e-01;0.0000000000000000e+00
2675;0;1;8.5750000000000004e-01;6.1750000000000005e-01;0.0000000000000000e+00
2676;0;1;8.8249999999999995e-01;6.1750000000000005e-01;0.0000000000000000e+00
2677;0;1;9.0749999999999997e-01;6.1750000000000005e-01;0.0000000000000000e+00
2678;0;1;9.3250000000000000e-01;6.1750000000000005e-01;0.0000000000000000e+00
2679;0;1;9.5750000000000002e-01;6.1750000000000005e-01;0.0000000000000000e+00
2680;0;1;9.8250000000000004e-01;6.1750000000000005e-01;0.0000000000000000e+00
2681;0;1;7.4999999999999997e-03;6.4249999999999996e-01;0.0000000000000000e+00
2682;0;1;3.2500000000000001e-02;6.4249999999999996e-01;0.0000000000000000e+00
2683;0;1;5.7500000000000002e-02;6.4249999999999996e-01;0.0000000000000000e+00
2684;0;1;8.2500000000000018e-02;6.4249999999999996e-01;0.0000000000000000e+00
2685;0;1;1.0750000000000001e-01;6.4249999999999996e-01;0.0000000000000000e+00
2686;0;1;1.3250000000000001e-01;6.4249999999999996e-01;0.0000000000000000e+00
2687;0;1;1.5750000000000003e-01;6.4249999999999996e-01;0.0000000000000000e+00
2688;0;1;1.8250000000000002e-01;6.4249999999999996e-01;0.0000000000000000e+00
2689;0;1;2.0750000000000002e-01;6.4249999999999996e-01;0.0000000000000000e+00
2690;0;1;2.3250000000000001e-01;6.4249999999999996e-01;0.0000000000000000e+00
2691;0;1;2.5750000000000001e-01;6.4249999999999996e-01;0.0000000000000000e+00
2692;0;1;2.8250000000000003e-01;6.4249999999999996e-01;0.0000000000000000e+00
2693;0;1;3.0750000000000005e-01;6.4249999999999996e-01;0.0000000000000000e+00
2694;0;1;3.3250000000000002e-01;6.4249999999999996e-01;0.0000000000000000e+00
2695;0;1;3.5750000000000004e-01;6.4249999999999996e-01;0.0000000000000000e+00
2696;0;1;3.8250000000000001e-01;6.4249999999999996e-01;0.0000000000000000e+00
2697;0;1;4.0750000000000003e-01;6.4249999999999996e-01;0.0000000000000000e+00
2698;0;1;4.3250000000000005e-01;6.4249999999999996e-01;0.0000000000000000e+00
2699;0;1;4.5750000000000002e-01;6.4249999999999996e-01;0.0000000000000000e+00
2700;0;1;4.8250000000000004e-01;6.4249999999999996e-01;0.0000000000000000e+00
2701;0;1;5.0749999999999995e-01;6.4249999999999996e-01;0.0000000000000000e+00
2702;0;1;5.3249999999999997e-01;6.4249999999999996e-01;0.0000000000000000e+00
2703;0;1;5.5750000000000000e-01;6.4249999999999996e-01;0.0000000000000000e+00
2704;0;1;5.8250000000000002e-01;6.4249999999999996e-01;0.0000000000000000e+00
2705;0;1;6.0750000000000004e-01;6.4249999999999996e-01;0.0000000000000000e+00
2706;0;1;6.3249999999999995e-01;6.4249999999999996e-01;0.0000000000000000e+00
2707;0;1;6.5749999999999997e-01;6.4249999999999996e-01;0.0000000000000000e+00
2708;0;1;6.8250000000000000e-01;6.4249999999999996e-01;0.0000000000000000e+00
2709;0;1;7.0750000000000002e-01;6.4249999999999996e-01;0.0000000000000000e+00
2710;0;1;7.3250000000000004e-01;6.4249999999999996e-01;0.0000000000000000e+00
2711;0;1;7.5749999999999995e-01;6.4249999999999996e-01;0.0000000000000000e+00
2712;0;1;7.8249999999999997e-01;6.4249999999999996e-01;0.0000000000000000e+00
2713;0;1;8.0750000000000000e-01;6.4249999999999996e-01;0.0000000000000000e+00
2714;0;1;8.3250000000000002e-01;6.4249999999999996e-01;0.0000000000000000e+00
2715;0;1;8.5750000000000004e-01;6.4249999999999996e-01;0.0000000000000000e+00
2716;0;1;8.8249999999999995e-01;6.4249999999999996e-01;0.0000000000000000e+00
2717;0;1;9.0749999999999997e-01;6.4249999999999996e-01;0.0000000000000000e+00
2718;0;1;9.3250000000000000e-01;6.4249999999999996e-01;0.0000000000000000e+00
2719;0;1;9.5750000000000002e-01;6.4249999999999996e-01;0.0000000000000000e+00
2720;0;1;9.8250000000000004e-01;6.4249999999999996e-01;0.0000000000000000e+00
2721;0;1;7.4999999999999997e-03;6.6749999999999998e-01;0.0000000000000000e+00
2722;0;1;3.2500000000000001e-02;6.6749999999999998e-01;0.0000000000000000e+00
2723;0;1;5.7500000000000002e-02;6.6749999999999998e-01;0.0000000000000000e+00
2724;0;1;8.2500000000000018e-02;6.6749999999999998e-01;0.0000000000000000e+00
2725;0;1;1.0750000000000001e-01;6.6749999999999998e-01;0.0000000000000000e+00
2726;0;1;1.3250000000000001e-01;6.6749999999999998e-01;0.0000000000000000e+00
2727;0;1;1.5750000000000003e-01;6.6749999999999998e-01;0.0000000000000000e+00
2728;0;1;1.8250000000000002e-01;6.6749999999999998e-01;0.0000000000000000e+00
2729;0;1;2.0750000000000002e-01;6.6749999999999998e-01;0.0000000000000000e+00
2730;0;1;2.3250000000000001e-01;6.6749999999999998e-01;0.0000000000000000e+00
2731;0;1;2.5750000000000001e-01;6.6749999999999998e-01;0.0000000000000000e+00
2732;0;1;2.8250000000000003e-01;6.6749999999999998e-01;0.0000000000000000e+00
2733;0;1;3.0750000000000005e-01;6.6749999999999998e-01;0.0000000000000000e+00
2734;0;1;3.3250000000000002e-01;6.6749999999999998e-01;0.0000000000000000e+00
2735;0;1;3.5750000000000004e-01;6.6749999999999998e-01;0.0000000000000000e+00
2736;0;1;3.8250000000000001e-01;6.6749999999999998e-01;0.0000000000000000e+00
2737;0;1;4.0750000000000003e-01;6.6749999999999998e-01;0.0000000000000000e+00
2738;0;1;4.3250000000000005e-01;6.6749999999999998e-01;0.0000000000000000e+00
2739;0;1;4.5750000000000002e-01;6.6749999999999998e-01;0.0000000000000000e+00
2740;0;1;4.8250000000000004e-01;6.6749999999999998e-01;0.0000000000000000e+00
2741;0;1;5.0749999999999995e-01;6.6749999999999998e-01;0.0000000000000000e+00
2742;0;1;5.3249999999999997e-01;6.6749999999999998e-01;0.0000000000000000e+00
2743;0;1;5.5750000000000000e-01;6.6749999999999998e-01;0.0000000000000000e+00
2744;0;1;5.8250000000000002e-01;6.6749999999999998e-01;0.0000000000000000e+00
2745;0;1;6.0750000000000004e-01;6.6749999999999998e-01;0.0000000000000000e+00
2746;0;1;6.3249999999999995e-01;6.6749999999999998e-01;0.0000000000000000e+00
2747;0;1;6.5749999999999997e-01;6.6749999999999998e-01;0.0000000000000000e+00
2748;0;1;6.8250000000000000e-01;6.6749999999999998e-01;0.0000000000000000e+00
2749;0;1;7.0750000000000002e-01;6.6749999999999998e-01;0.0000000000000000e+00
2750;0;1;7.3250000000000004e-01;6.6749999999999998e-01;0.0000000000000000e+00
2751;0;1;7.5749999999999995e-01;6.6749999999999998e-01;0.0000000000000000e+00
2752;0;1;7.8249999999999997e-01;6.6749999999999998e-01;0.0000000000000000e+00
2753;0;1;8.0750000000000000e-01;6.6749999999999998e-01;0.0000000000000000e+00
2754;0;1;8.3250000000000002e-01;6.6749999999999998e-01;0.0000000000000000e+00
2755;0;1;8.5750000000000004e-01;6.6749999999999998e-01;0.0000000000000000e+00
2756;0;1;8.8249999999999995e-01;6.6749999999999998e-01;0.0000000000000000e+00
2757;0;1;9.0749999999999997e-01;6.6749999999999998e-01;0.0000000000000000e+00
2758;0;1;9.3250000000000000e-01;6.6749999999999998e-01;0.0000000000000000e+00
2759;0;1;9.5750000000000002e-01;6.6749999999999998e-01;0.0000000000000000e+00
2760;0;1;9.8250000000000004e-01;6.6749999999999998e-01;0.0000000000000000e+00
2761;0;1;7.4999999999999997e-03;6.9250000000000000e-01;0.0000000000000000e+00
2762;0;1;3.2500000000000001e-02;6.9250000000000000e-01;0.0000000000000000e+00
2763;0;1;5.7500000000000002e-02;6.9250000000000000e-01;0.0000000000000000e+00
2764;0;1;8.2500000000000018e-02;6.9250000000000000e-01;0.0000000000000000e+00
2765;0;1;1.0750000000000001e-01;6.9250000000000000e-01;0.0000000000000000e+00
2766;0;1;1.3250000000000001e-01;6.9250000000000000e-01;0.0000000000000000e+00
2767;0;1;1.5750000000000003e-01;6.9250000000000000e-01;0.0000000000000000e+00
2768;0;1;1.8250000000000002e-01;6.9250000000000000e-01;0.0000000000000000e+00
2769;0;1;2.0750000000000002e-01;6.9250000000000000e-01;0.0000000000000000e+00
2770;0;1;2.3250000000000001e-01;6.9250000000000000e-01;0.0000000000000000e+00
2771;0;1;2.5750000000000001e-01;6.9250000000000000e-01;0.0000000000000000e+00
2772;0;1;2.8250000000000003e-01;6.9250000000000000e-01;0.0000000000000000e+00
2773;0;1;3.0750000000000005e-01;6.9250000000000000e-01;0.0000000000000000e+00
2774;0;1;3.3250000000000002e-01;6.9250000000000000e-01;0.0000000000000000e+00
2775;0;1;3.5750000000000004e-01;6.9250000000000000e-01;0.0000000000000000e+00
2776;0;1;3.8250000000000001e-01;6.9250000000000000e-01;0.0000000000000000e+00
2777;0;1;4.0750000000000003e-01;6.9250000000000000e-01;0.0000000000000000e+00
2778;0;1;4.3250000000000005e-01;6.9250000000000000e-01;0.0000000000000000e+00
2779;0;1;4.5750000000000002e-01;6.9250000000000000e-01;0.0000000000000000e+00
2780;0;1;4.8250000000000004e-01;6.9250000000000000e-01;0.0000000000000000e+00
2781;0;1;5.0749999999999995e-01;6.9250000000000000e-01;0.0000000000000000e+00
2782;0;1;5.3249999999999997e-01;6.9250000000000000e-01;0.0000000000000000e+00
2783;0;1;5.5750000000000000e-01;6.9250000000000000e-01;0.0000000000000000e+00
2784;0;1;5.8250000000000002e-01;6.9250000000000000e-01;0.0000000000000000e+00
2785;0;1;6.0750000000000004e-01;6.9250000000000000e-01;0.0000000000000000e+00
2786;0;1;6.3249999999999995e-01;6.9250000000000000e-01;0.0000000000000000e+00
2787;0;1;6.5749999999999997e-01;6.9250000000000000e-01;0.0000000000000000e+00
2788;0;1;6.8250000000000000e-01;6.9250000000000000e-01;0.0000000000000000e+00
2789;0;1;7.0750000000000002e-01;6.9250000000000000e-01;0.0000000000000000e+00
2790;0;1;7.3250000000000004e-01;6.9250000000000000e-01;0.0000000000000000e+00
2791;0;1;7.5749999999999995e-01;6.9250000000000000e-01;0.0000000000000000e+00
2792;0;1;7.8249999999999997e-01;6.9250000000000000e-01;0.0000000000000000e+00
2793;0;1;8.0750000000000000e-01;6.9250000000000000e-01;0.0000000000000000e+00
2794;0;1;8.3250000000000002e-01;6.9250000000000000e-01;0.0000000000000000e+00
2795;0;1;8.5750000000000004e-01;6.9250000000000000e-01;0.0000000000000000e+00
2796;0;1;8.8249999999999995e-01;6.9250000000000000e-01;0.0000000000000000e+00
2797;0;1;9.0749999999999997e-01;6.9250000000000000e-01;0.0000000000000000e+00
2798;0;1;9.3250000000000000e-01;6.9250000000000000e-01;0.0000000000000000e+00
2799;0;1;9.5750000000000002e-01;6.9250000000000000e-01;0.0000000000000000e+00
2800;0;1;9.8250000000000004e-01;6.9250000000000000e-01;0.0000000000000000e+00
2801;0;1;7.4999999999999997e-03;7.1750000000000003e-01;0.0000000000000000e+00
2802;0;1;3.2500000000000001e-02;7.1750000000000003e-01;0.0000000000000000e+00
2803;0;1;5.7500000000000002e-02;7.1750000000000003e-01;0.0000000000000000e+00
2804;0;1;8.2500000000000018e-02;7.1750000000000003e-01;0.0000000000000000e+00
2805;0;1;1.0750000000000001e-01;7.1750000000000003e-01;0.0000000000000000e+00
2806;0;1;1.3250000000000001e-01;7.1750000000000003e-01;0.0000000000000000e+00
2807;0;1;1.5750000000000003e-01;7.1750000000000003e-01;0.0000000000000000e+00
2808;0;1;1.8250000000000002e-01;7.1750000000000003e-01;0.0000000000000000e+00
2809;0;1;2.0750000000000002e-01;7.1750000000000003e-01;0.0000000000000000e+00
2810;0;1;2.3250000000000001e-01;7.1750000000000003e-01;0.0000000000000000e+00
2811;0;1;2.5750000000000001e-01;7.1750000000000003e-01;0.0000000000000000e+00
2812;0;1;2.8250000000000003e-01;7.1750000000000003e-01;0.0000000000000000e+00
2813;0;1;3.0750000000000005e-01;7.1750000000000003e-01;0.0000000000000000e+00
2814;0;1;3.3250000000000002e-01;7.1750000000000003e-01;0.0000000000000000e+00
2815;0;1;3.5750000000000004e-01;7.1750000000000003e-01;0.0000000000000000e+00
2816;0;1;3.8250000000000001e-01;7.1750000000000003e-01;0.0000000000000000e+00
2817;0;1;4.0750000000000003e-01;7.1750000000000003e-01;0.0000000000000000e+00
2818;0;1;4.3250000000000005e-01;7.1750000000000003e-01;0.0000000000000000e+00
2819;0;1;4.5750000000000002e-01;7.1750000000000003e-01;0.0000000000000000e+00
2820;0;1;4.8250000000000004e-01;7.1750000000000003e-01;0.0000000000000000e+00
2821;0;1;5.0749999999999995e-01;7.1750000000000003e-01;0.0000000000000000e+00
2822;0;1;5.3249999999999997e-01;7.1750000000000003e-01;0.0000000000000000e+00
2823;0;1;5.5750000000000000e-01;7.1750000000000003e-01;0.0000000000000000e+00
2824;0;1;5.8250000000000002e-01;7.1750000000000003e-01;0.0000000000000000e+00
2825;0;1;6.0750000000000004e-01;7.1750000000000003e-01;0.0000000000000000e+00
2826;0;1;6.3249999999999995e-01;7.1750000000000003e-01;0.0000000000000000e+00
2827;0;1;6.5749999999999997e-01;7.1750000000000003e-01;0.0000000000000000e+00
2828;0;1;6.8250000000000000e-01;7.1750000000000003e-01;0.0000000000000000e+00
2829;0;1;7.0750000000000002e-01;7.1750000000000003e-01;0.0000000000000000e+00
2830;0;1;7.3250000000000004e-01;7.1750000000000003e-01;0.0000000000000000e+00
2831;0;1;7.5749999999999995e-01;7.1750000000000003e-01;0.0000000000000000e+00
2832;0;1;7.8249999999999997e-01;7.1750000000000003e-01;0.0000000000000000e+00
2833;0;1;8.0750000000000000e-01;7.1750000000000003e-01;0.0000000000000000e+00
2834;0;1;8.3250000000000002e-01;7.1750000000000003e-01;0.0000000000000000e+00
2835;0;1;8.5750000000000004e-01;7.1750000000000003e-01;0.0000000000000000e+00
2836;0;1;8.8249999999999995e-01;7.1750000000000003e-01;0.0000000000000000e+00
2837;0;1;9.0749999999999997e-01;7.1750000000000003e-01;0.0000000000000000e+00
2838;0;1;9.3250000000000000e-01;7.1750000000000003e-01;0.0000000000000000e+00
2839;0;1;9.5750000000000002e-01;7.1750000000000003e-01;0.0000000000000000e+00
2840;0;1;9.8250000000000004e-01;7.1750000000000003e-01;0.0000000000000000e+00
2841;0;1;7.4999999999999997e-03;7.4250000000000005e-01;0.0000000000000000e+00
2842;0;1;3.2500000000000001e-02;7.4250000000000005e-01;0.0000000000000000e+00
2843;0;1;5.7500000000000002e-02;7.4250000000000005e-01;0.0000000000000000e+00
2844;0;1;8.2500000000000018e-02;7.4250000000000005e-01;0.0000000000000000e+00
2845;0;1;1.0750000000000001e-01;7.4250000000000005e-01;0.0000000000000000e+00
2846;0;1;1.3250000000000001e-01;7.4250000000000005e-01;0.0000000000000000e+00
2847;0;1;1.5750000000000003e-01;7.4250000000000005e-01;0.0000000000000000e+00
2848;0;1;1.8250000000000002e-01;7.4250000000000005e-01;0.0000000000000000e+00
2849;0;1;2.0750000000000002e-01;7.4250000000000005e-01;0.0000000000000000e+00
2850;0;1;2.3250000000000001e-01;7.4250000000000005e-01;0.0000000000000000e+00
2851;0;1;2.5750000000000001e-01;7.4250000000000005e-01;0.0000000000000000e+00
2852;0;1;2.8250000000000003e-01;7.4250000000000005e-01;0.0000000000000000e+00
2853;0;1;3.0750000000000005e-01;7.4250000000000005e-01;0.0000000000000000e+00
2854;0;1;3.3250000000000002e-01;7.4250000000000005e-01;0.0000000000000000e+00
2855;0;1;3.5750000000000004e-01;7.4250000000000005e-01;0.0000000000000000e+00
2856;0;1;3.8250000000000001e-01;7.4250000000000005e-01;0.0000000000000000e+00
2857;0;1;4.0750000000000003e-01;7.4250000000000005e-01;0.0000000000000000e+00
2858;0;1;4.3250000000000005e-01;7.4250000000000005e-01;0.0000000000000000e+00
2859;0;1;4.5750000000000002e-01;7.4250000000000005e-01;0.0000000000000000e+00
2860;0;1;4.8250000000000004e-01;7.4250000000000005e-01;0.0000000000000000e+00
2861;0;1;5.0749999999999995e-01;7.4250000000000005e-01;0.0000000000000000e+00
2862;0;1;5.3249999999999997e-01;7.4250000000000005e-01;0.0000000000000000e+00
2863;0;1;5.5750000000000000e-01;7.4250000000000005e-01;0.0000000000000000e+00
2864;0;1;5.8250000000000002e-01;7.4250000000000005e-01;0.0000000000000000e+00
2865;0;1;6.0750000000000004e-01;7.4250000000000005e-01;0.0000000000000000e+00
2866;0;1;6.3249999999999995e-01;7.4250000000000005e-01;0.0000000000000000e+00
2867;0;1;6.5749999999999997e-01;7.4250000000000005e-01;0.0000000000000000e+00
2868;0;1;6.8250000000000000e-01;7.4250000000000005e-01;0.0000000000000000e+00
2869;0;1;7.0750000000000002e-01;7.4250000000000005e-01;0.0000000000000000e+00
2870;0;1;7.3250000000000004e-01;7.4250000000000005e-01;0.0000000000000000e+00
2871;0;1;7.5749999999999995e-01;7.4250000000000005e-01;0.0000000000000000e+00
2872;0;1;7.8249999999999997e-01;7.4250000000000005e-01;0.0000000000000000e+00
2873;0;1;8.0750000000000000e-01;7.4250000000000005e-01;0.0000000000000000e+00
2874;0;1;8.3250000000000002e-01;7.4250000000000005e-01;0.0000000000000000e+00
2875;0;1;8.5750000000000004e-01;7.4250000000000005e-01;0.0000000000000000e+00
2876;0;1;8.8249999999999995e-01;7.4250000000000005e-01;0.0000000000000000e+00
2877;0;1;9.0749999999999997e-01;7.4250000000000005e-01;0.0000000000000000e+00
2878;0;1;9.3250000000000000e-01;7.4250000000000005e-01;0.0000000000000000e+00
2879;0;1;9.5750000000000002e-01;7.4250000000000005e-01;0.0000000000000000e+00
2880;0;1;9.8250000000000004e-01;7.4250000000000005e-01;0.0000000000000000e+00
2881;0;1;7.4999999999999997e-03;7.6749999999999996e-01;0.0000000000000000e+00
2882;0;1;3.2500000000000001e-02;7.6749999999999996e-01;0.0000000000000000e+00
2883;0;1;5.7500000000000002e-02;7.6749999999999996e-01;0.0000000000000000e+00
2884;0;1;8.2500000000000018e-02;7.6749999999999996e-01;0.0000000000000000e+00
2885;0;1;1.0750000000000001e-01;7.6749999999999996e-01;0.0000000000000000e+00
2886;0;1;1.3250000000000001e-01;7.6749999999999996e-01;0.0000000000000000e+00
2887;0;1;1.5750000000000003e-01;7.6749999999999996e-01;0.0000000000000000e+00
2888;0;1;1.8250000000000002e-01;7.6749999999999996e-01;0.0000000000000000e+00
2889;0;1;2.0750000000000002e-01;7.6749999999999996e-01;0.0000000000000000e+00
2890;0;1;2.3250000000000001e-01;7.6749999999999996e-01;0.0000000000000000e+00
2891;0;1;2.5750000000000001e-01;7.6749999999999996e-01;0.0000000000000000e+00
2892;0;1;2.8250000000000003e-01;7.6749999999999996e-01;0.0000000000000000e+00
2893;0;1;3.0750000000000005e-01;7.6749999999999996e-01;0.0000000000000000e+00
2894;0;1;3.3250000000000002e-01;7.6749999999999996e-01;0.0000000000000000e+00
2895;0;1;3.5750000000000004e-01;7.6749999999999996e-01;0.0000000000000000e+00
2896;0;1;3.8250000000000001e-01;7.6749999999999996e-01;0.0000000000000000e+00
2897;0;1;4.0750000000000003e-01;7.6749999999999996e-01;0.0000000000000000e+00
2898;0;1;4.3250000000000005e-01;7.6749999999999996e-01;0.0000000000000000e+00
2899;0;1;4.5750000000000002e-01;7.6749999999999996e-01;0.0000000000000000e+00
2900;0;1;4.8250000000000004e-01;7.6749999999999996e-01;0.0000000000000000e+00
2901;0;1;5.0749999999999995e-01;7.6749999999999996e-01;0.0000000000000000e+00
2902;0;1;5.3249999999999997e-01;7.6749999999999996e-01;0.0000000000000000e+00
2903;0;1;5.5750000000000000e-01;7.6749999999999996e-01;0.0000000000000000e+00
2904;0;1;5.8250000000000002e-01;7.6749999999999996e-01;0.0000000000000000e+00
2905;0;1;6.0750000000000004e-01;7.6749999999999996e-01;0.0000000000000000e+00
2906;0;1;6.3249999999999995e-01;7.6749999999999996e-01;0.0000000000000000e+00
2907;0;1;6.5749999999999997e-01;7.6749999999999996e-01;0.0000000000000000e+00
2908;0;1;6.8250000000000000e-01;7.6749999999999996e-01;0.0000000000000000e+00
2909;0;1;7.0750000000000002e-01;7.6749999999999996e-01;0.0000000000000000e+00
2910;0;1;7.3250000000000004e-01;7.6749999999999996e-01;0.0000000000000000e+00
2911;0;1;7.5749999999999995e-01;7.6749999999999996e-01;0.0000000000000000e+00
2912;0;1;7.8249999999999997e-01;7.6749999999999996e-01;0.0000000000000000e+00
2913;0;1;8.0750000000000000e-01;7.6749999999999996e-01;0.0000000000000000e+00
2914;0;1;8.3250000000000002e-01;7.6749999999999996e-01;0.0000000000000000e+00
2915;0;1;8.5750000000000004e-01;7.6749999999999996e-01;0.0000000000000000e+00
2916;0;1;8.8249999999999995e-01;7.6749999999999996e-01;0.0000000000000000e+00
2917;0;1;9.0749999999999997e-01;7.6749999999999996e-01;0.0000000000000000e+00
2918;0;1;9.3250000000000000e-01;7.6749999999999996e-01;0.0000000000000000e+00
2919;0;1;9.5750000000000002e-01;7.6749999999999996e-01;0.0000000000000000e+00
2920;0;1;9.8250000000000004e-01;7.6749999999999996e-01;0.0000000000000000e+00
2921;0;1;7.4999999999999997e-03;7.9249999999999998e-01;0.0000000000000000e+00
2922;0;1;3.2500000000000001e-02;7.9249999999999998e-01;0.0000000000000000e+00
2923;0;1;5.7500000000000002e-02;7.9249999999999998e-01;0.0000000000000000e+00
2924;0;1;8.2500000000000018e-02;7.9249999999999998e-01;0.0000000000000000e+00
2925;0;1;1.0750000000000001e-01;7.9249999999999998e-01;0.0000000000000000e+00
2926;0;1;1.3250000000000001e-01;7.9249999999999998e-01;0.0000000000000000e+00
2927;0;1;1.5750000000000003e-01;7.9249999999999998e-01;0.0000000000000000e+00
2928;0;1;1.8250000000000002e-01;7.9249999999999998e-01;0.0000000000000000e+00
2929;0;1;2.0750000000000002e-01;7.9249999999999998e-01;0.0000000000000000e+00
2930;0;1;2.3250000000000001e-01;7.9249999999999998e-01;0.0000000000000000e+00
2931;0;1;2.5750000000000001e-01;7.9249999999999998e-01;0.0000000000000000e+00
2932;0;1;2.8250000000000003e-01;7.9249999999999998e-01;0.0000000000000000e+00
2933;0;1;3.0750000000000005e-01;7.9249999999999998e-01;0.0000000000000000e+00
2934;0;1;3.3250000000000002e-01;7.9249999999999998e-01;0.0000000000000000e+00
2935;0;1;3.5750000000000004e-01;7.9249999999999998e-01;0.0000000000000000e+00
2936;0;1;3.8250000000000001e-01;7.9249999999999998e-01;0.0000000000000000e+00
2937;0;1;4.0750000000000003e-01;7.9249999999999998e-01;0.0000000000000000e+00
2938;0;1;4.3250000000000005e-01;7.9249999999999998e-01;0.0000000000000000e+00
2939;0;1;4.5750000000000002e-01;7.9249999999999998e-01;0.0000000000000000e+00
2940;0;1;4.8250000000000004e-01;7.9249999999999998e-01;0.0000000000000000e+00
2941;0;1;5.0749999999999995e-01;7.9249999999999998e-01;0.0000000000000000e+00
2942;0;1;5.3249999999999997e-01;7.9249999999999998e-01;0.0000000000000000e+00
2943;0;1;5.5750000000000000e-01;7.9249999999999998e-01;0.0000000000000000e+00
2944;0;1;5.8250000000000002e-01;7.9249999999999998e-01;0.0000000000000000e+00
2945;0;1;6.0750000000000004e-01;7.9249999999999998e-01;0.0000000000000000e+00
2946;0;1;6.3249999999999995e-01;7.9249999999999998e-01;0.0000000000000000e+00
2947;0;1;6.5749999999999997e-01;7.9249999999999998e-01;0.0000000000000000e+00
2948;0;1;6.8250000000000000e-01;7.9249999999999998e-01;0.0000000000000000e+00
2949;0;1;7.0750000000000002e-01;7.9249999999999998e-01;0.0000000000000000e+00
2950;0;1;7.3250000000000004e-01;7.9249999999999998e-01;0.0000000000000000e+00
2951;0;1;7.5749999999999995e-01;7.9249999999999998e-01;0.0000000000000000e+00
2952;0;1;7.8249999999999997e-01;7.9249999999999998e-01;0.0000000000000000e+00
2953;0;1;8.0750000000000000e-01;7.9249999999999998e-01;0.0000000000000000e+00
2954;0;1;8.3250000000000002e-01;7.9249999999999998e-01;0.0000000000000000e+00
2955;0;1;8.5750000000000004e-01;7.9249999999999998e-01;0.0000000000000000e+00
2956;0;1;8.8249999999999995e-01;7.9249999999999998e-01;0.0000000000000000e+00
2957;0;1;9.0749999999999997e-01;7.9249999999999998e-01;0.0000000000000000e+00
2958;0;1;9.3250000000000000e-01;7.9249999999999998e-01;0.0000000000000000e+00
2959;0;1;9.5750000000000002e-01;7.9249999999999998e-01;0.0000000000000000e+00
2960;0;1;9.8250000000000004e-01;7.9249999999999998e-01;0.0000000000000000e+00
2961;0;1;7.4999999999999997e-03;8.1750000000000000e-01;0.0000000000000000e+00
2962;0;1;3.2500000000000001e-02;8.1750000000000000e-01;0.0000000000000000e+00
2963;0;1;5.7500000000000002e-02;8.1750000000000000e-01;0.0000000000000000e+00
2964;0;1;8.2500000000000018e-02;8.1750000000000000e-01;0.0000000000000000e+00
2965;0;1;1.0750000000000001e-01;8.1750000000000000e-01;0.0000000000000000e+00
2966;0;1;1.3250000000000001e-01;8.1750000000000000e-01;0.0000000000000000e+00
2967;0;1;1.5750000000000003e-01;8.1750000000000000e-01;0.0000000000000000e+00
2968;0;1;1.8250000000000002e-01;8.1750000000000000e-01;0.0000000000000000e+00
2969;0;1;2.0750000000000002e-01;8.1750000000000000e-01;0.0000000000000000e+00
2970;0;1;2.3250000000000001e-01;8.1750000000000000e-01;0.0000000000000000e+00
2971;0;1;2.5750000000000001e-01;8.1750000000000000e-01;0.0000000000000000e+00
2972;0;1;2.8250000000000003e-01;8.1750000000000000e-01;0.0000000000000000e+00
2973;0;1;3.0750000000000005e-01;8.1750000000000000e-01;0.0000000000000000e+00
2974;0;1;3.3250000000000002e-01;8.1750000000000000e-01;0.0000000000000000e+00
2975;0;1;3.5750000000000004e-01;8.1750000000000000e-01;0.0000000000000000e+00
2976;0;1;3.8250000000000001e-01;8.1750000000000000e-01;0.0000000000000000e+00
2977;0;1;4.0750000000000003e-01;8.1750000000000000e-01;0.0000000000000000e+00
2978;0;1;4.3250000000000005e-01;8.1750000000000000e-01;0.0000000000000000e+00
2979;0;1;4.5750000000000002e-01;8.1750000000000000e-01;0.0000000000000000e+00
2980;0;1;4.8250000000000004e-01;8.1750000000000000e-01;0.0000000000000000e+00
2981;0;1;5.0749999999999995e-01;8.1750000000000000e-01;0.0000000000000000e+00
2982;0;1;5.3249999999999997e-01;8.1750000000000000e-01;0.0000000000000000e+00
2983;0;1;5.5750000000000000e-01;8.1750000000000000e-01;0.0000000000000000e+00
2984;0;1;5.8250000000000002e-01;8.1750000000000000e-01;0.0000000000000000e+00
2985;0;1;6.0750000000000004e-01;8.1750000000000000e-01;0.0000000000000000e+00
2986;0;1;6.3249999999999995e-01;8.1750000000000000e-01;0.0000000000000000e+00
2987;0;1;6.5749999999999997e-01;8.1750000000000000e-01;0.0000000000000000e+00
2988;0;1;6.8250000000000000e-01;8.1750000000000000e-01;0.0000000000000000e+00
2989;0;1;7.0750000000000002e-01;8.1750000000000000e-01;0.0000000000000000e+00
2990;0;1;7.3250000000000004e-01;8.1750000000000000e-01;0.0000000000000000e+00
2991;0;1;7.5749999999999995e-01;8.1750000000000000e-01;0.0000000000000000e+00
2992;0;1;7.8249999999999997e-01;8.1750000000000000e-01;0.0000000000000000e+00
2993;0;1;8.0750000000000000e-01;8.1750000000000000e-01;0.0000000000000000e+00
2994;0;1;8.3250000000000002e-01;8.1750000000000000e-01;0.0000000000000000e+00
2995;0;1;8.5750000000000004e-01;8.1750000000000000e-01;0.0000000000000000e+00
2996;0;1;8.8249999999999995e-01;8.1750000000000000e-01;0.0000000000000000e+00
2997;0;1;9.0749999999999997e-01;8.1750000000000000e-01;0.0000000000000000e+00
2998;0;1;9.3250000000000000e-01;8.1750000000000000e-01;0.0000000000000000e+00
2999;0;1;9.5750000000000002e-01;8.1750000000000000e-01;0.0000000000000000e+00
3000;0;1;9.8250000000000004e-01;8.1750000000000000e-01;0.0000000000000000e+00
3001;0;1;7.4999999999999997e-03;8.4250000000000003e-01;0.0000000000000000e+00
3002;0;1;3.2500000000000001e-02;8.4250000000000003e-01;0.0000000000000000e+00
3003;0;1;5.7500000000000002e-02;8.4250000000000003e-01;0.0000000000000000e+00
3004;0;1;8.2500000000000018e-02;8.4250000000000003e-01;0.0000000000000000e+00
3005;0;1;1.0750000000000001e-01;8.4250000000000003e-01;0.0000000000000000e+00
3006;0;1;1.3250000000000001e-01;8.4250000000000003e-01;0.0000000000000000e+00
3007;0;1;1.5750000000000003e-01;8.4250000000000003e-01;0.0000000000000000e+00
3008;0;1;1.8250000000000002e-01;8.4250000000000003e-01;0.0000000000000000e+00
3009;0;1;2.0750000000000002e-01;8.4250000000000003e-01;0.0000000000000000e+00
3010;0;1;2.3250000000000001e-01;8.4250000000000003e-01;0.0000000000000000e+00
3011;0;1;2.5750000000000001e-01;8.4250000000000003e-01;0.0000000000000000e+00
3012;0;1;2.8250000000000003e-01;8.4250000000000003e-01;0.0000000000000000e+00
3013;0;1;3.0750000000000005e-01;8.4250000000000003e-01;0.0000000000000000e+00
3014;0;1;3.3250000000000002e-01;8.4250000000000003e-01;0.0000000000000000e+00
3015;0;1;3.5750000000000004e-01;8.4250000000000003e-01;0.0000000000000000e+00
3016;0;1;3.8250000000000001e-01;8.4250000000000003e-01;0.0000000000000000e+00
3017;0;1;4.0750000000000003e-01;8.4250000000000003e-01;0.0000000000000000e+00
3018;0;1;4.3250000000000005e-01;8.4250000000000003e-01;0.0000000000000000e+00
3019;0;1;4.5750000000000002e-01;8.4250000000000003e-01;0.0000000000000000e+00
3020;0;1;4.8250000000000004e-01;8.4250000000000003e-01;0.0000000000000000e+00
3021;0;1;5.0749999999999995e-01;8.4250000000000003e-01;0.0000000000000000e+00
3022;0;1;5.3249999999999997e-01;8.4250000000000003e-01;0.0000000000000000e+00
3023;0;1;5.5750000000000000e-01;8.4250000000000003e-01;0.0000000000000000e+00
3024;0;1;5.8250000000000002e-01;8.4250000000000003e-01;0.0000000000000000e+00
3025;0;1;6.0750000000000004e-01;8.4250000000000003e-01;0.0000000000000000e+00
3026;0;1;6.3249999999999995e-01;8.4250000000000003e-01;0.0000000000000000e+00
3027;0;1;6.5749999999999997e-01;8.4250000000000003e-01;0.0000000000000000e+00
3028;0;1;6.8250000000000000e-01;8.4250000000000003e-01;0.0000000000000000e+00
3029;0;1;7.0750000000000002e-01;8.4250000000000003e-01;0.0000000000000000e+00
3030;0;1;7.3250000000000004e-01;8.4250000000000003e-01;0.0000000000000000e+00
3031;0;1;7.5749999999999995e-01;8.4250000000000003e-01;0.0000000000000000e+00
3032;0;1;7.8249999999999997e-01;8.4250000000000003e-01;0.0000000000000000e+00
3033;0;1;8.0750000000000000e-01;8.4250000000000003e-01;0.0000000000000000e+00
3034;0;1;8.3250000000000002e-01;8.4250000000000003e-01;0.0000000000000000e+00
3035;0;1;8.5750000000000004e-01;8.4250000000000003e-01;0.0000000000000000e+00
3036;0;1;8.8249999999999995e-01;8.4250000000000003e-01;0.0000000000000000e+00
3037;0;1;9.0749999999999997e-01;8.4250000000000003e-01;0.0000000000000000e+00
3038;0;1;9.3250000000000000e-01;8.4250000000000003e-01;0.0000000000000000e+00
3039;0;1;9.5750000000000002e-01;8.4250000000000003e-01;0.0000000000000000e+00
3040;0;1;9.8250000000000004e-01;8.4250000000000003e-01;0.0000000000000000e+00
3041;0;1;7.4999999999999997e-03;8.6750000000000005e-01;0.0000000000000000e+00
3042;0;1;3.2500000000000001e-02;8.6750000000000005e-01;0.0000000000000000e+00
3043;0;1;5.7500000000000002e-02;8.6750000000000005e-01;0.0000000000000000e+00
3044;0;1;8.2500000000000018e-02;8.6750000000000005e-01;0.0000000000000000e+00
3045;0;1;1.0750000000000001e-01;8.6750000000000005e-01;0.0000000000000000e+00
3046;0;1;1.3250000000000001e-01;8.6750000000000005e-01;0.0000000000000000e+00
3047;0;1;1.5750000000000003e-01;8.6750000000000005e-01;0.0000000000000000e+00
3048;0;1;1.8250000000000002e-01;8.6750000000000005e-01;0.0000000000000000e+00
3049;0;1;2.0750000000000002e-01;8.6750000000000005e-01;0.0000000000000000e+00
3050;0;1;2.3250000000000001e-01;8.6750000000000005e-01;0.0000000000000000e+00
3051;0;1;2.5750000000000001e-01;8.6750000000000005e-01;0.0000000000000000e+00
3052;0;1;2.8250000000000003e-01;8.6750000000000005e-01;0.0000000000000000e+00
3053;0;1;3.0750000000000005e-01;8.6750000000000005e-01;0.0000000000000000e+00
3054;0;1;3.3250000000000002e-01;8.6750000000000005e-01;0.0000000000000000e+00
3055;0;1;3.5750000000000004e-01;8.6750000000000005e-01;0.0000000000000000e+00
3056;0;1;3.8250000000000001e-01;8.6750000000000005e-01;0.0000000000000000e+00
3057;0;1;4.0750000000000003e-01;8.6750000000000005e-01;0.0000000000000000e+00
3058;0;1;4.3250000000000005e-01;8.6750000000000005e-01;0.0000000000000000e+00
3059;0;1;4.5750000000000002e-01;8.6750000000000005e-01;0.0000000000000000e+00
3060;0;1;4.8250000000000004e-01;8.6750000000000005e-01;0.0000000000000000e+00
3061;0;1;5.0749999999999995e-01;8.6750000000000005e-01;0.0000000000000000e+00
3062;0;1;5.3249999999999997e-01;8.6750000000000005e-01;0.0000000000000000e+00
3063;0;1;5.5750000000000000e-01;8.6750000000000005e-01;0.0000000000000000e+00
3064;0;1;5.8250000000000002e-01;8.6750000000000005e-01;0.0000000000000000e+00
3065;0;1;6.0750000000000004e-01;8.6750000000000005e-01;0.0000000000000000e+00
3066;0;1;6.3249999999999995e-01;8.6750000000000005e-01;0.0000000000000000e+00
3067;0;1;6.5749999999999997e-01;8.6750000000000005e-01;0.0000000000000000e+00
3068;0;1;6.8250000000000000e-01;8.6750000000000005e-01;0.0000000000000000e+00
3069;0;1;7.0750000000000002e-01;8.6750000000000005e-01;0.0000000000000000e+00
3070;0;1;7.3250000000000004e-01;8.6750000000000005e-01;0.0000000000000000e+00
3071;0;1;7.5749999999999995e-01;8.6750000000000005e-01;0.0000000000000000e+00
3072;0;1;7.8249999999999997e-01;8.6750000000000005e-01;0.0000000000000000e+00
3073;0;1;8.0750000000000000e-01;8.6750000000000005e-01;0.0000000000000000e+00
3074;0;1;8.3250000000000002e-01;8.6750000000000005e-01;0.0000000000000000e+00
3075;0;1;8.5750000000000004e-01;8.6750000000000005e-01;0.0000000000000000e+00
3076;0;1;8.8249999999999995e-01;8.6750000000000005e-01;0.0000000000000000e+00
3077;0;1;9.0749999999999997e-01;8.6750000000000005e-01;0.0000000000000000e+00
3078;0;1;9.3250000000000000e-01;8.6750000000000005e-01;0.0000000000000000e+00
3079;0;1;9.5750000000000002e-01;8.6750000000000005e-01;0.0000000000000000e+00
3080;0;1;9.8250000000000004e-01;8.6750000000000005e-01;0.0000000000000000e+00
3081;0;1;7.4999999999999997e-03;8.9249999999999996e-01;0.0000000000000000e+00
3082;0;1;3.2500000000000001e-02;8.9249999999999996e-01;0.0000000000000000e+00
3083;0;1;5.7500000000000002e-02;8.9249999999999996e-01;0.0000000000000000e+00
3084;0;1;8.2500000000000018e-02;8.9249999999999996e-01;0.0000000000000000e+00
3085;0;1;1.0750000000000001e-01;8.9249999999999996e-01;0.0000000000000000e+00
3086;0;1;1.3250000000000001e-01;8.9249999999999996e-01;0.0000000000000000e+00
3087;0;1;1.5750000000000003e-01;8.9249999999999996e-01;0.0000000000000000e+00
3088;0;1;1.8250000000000002e-01;8.9249999999999996e-01;0.0000000000000000e+00
3089;0;1;2.0750000000000002e-01;8.9249999999999996e-01;0.0000000000000000e+00
3090;0;1;2.3250000000000001e-01;8.9249999999999996e-01;0.0000000000000000e+00
3091;0;1;2.5750000000000001e-01;8.9249999999999996e-01;0.0000000000000000e+00
3092;0;1;2.8250000000000003e-01;8.9249999999999996e-01;0.0000000000000000e+00
3093;0;1;3.0750000000000005e-01;8.9249999999999996e-01;0.0000000000000000e+00
3094;0;1;3.3250000000000002e-01;8.9249999999999996e-01;0.0000000000000000e+00
3095;0;1;3.5750000000000004e-01;8.9249999999999996e-01;0.0000000000000000e+00
3096;0;1;3.8250000000000001e-01;8.9249999999999996e-01;0.0000000000000000e+00
3097;0;1;4.0750000000000003e-01;8.9249999999999996e-01;0.0000000000000000e+00
3098;0;1;4.3250000000000005e-01;8.9249999999999996e-01;0.0000000000000000e+00
3099;0;1;4.5750000000000002e-01;8.9249999999999996e-01;0.0000000000000000e+00
3100;0;1;4.8250000000000004e-01;8.9249999999999996e-01;0.0000000000000000e+00
3101;0;1;5.0749999999999995e-01;8.9249999999999996e-01;0.0000000000000000e+00
3102;0;1;5.3249999999999997e-01;8.9249999999999996e-01;0.0000000000000000e+00
3103;0;1;5.5750000000000000e-01;8.9249999999999996e-01;0.0000000000000000e+00
3104;0;1;5.8250000000000002e-01;8.9249999999999996e-01;0.0000000000000000e+00
3105;0;1;6.0750000000000004e-01;8.9249999999999996e-01;0.0000000000000000e+00
3106;0;1;6.3249999999999995e-01;8.9249999999999996e-01;0.0000000000000000e+00
3107;0;1;6.5749999999999997e-01;8.9249999999999996e-01;0.0000000000000000e+00
3108;0;1;6.8250000000000000e-01;8.9249999999999996e-01;0.0000000000000000e+00
3109;0;1;7.0750000000000002e-01;8.9249999999999996e-01;0.0000000000000000e+00
3110;0;1;7.3250000000000004e-01;8.9249999999999996e-01;0.0000000000000000e+00
3111;0;1;7.5749999999999995e-01;8.9249999999999996e-01;0.0000000000000000e+00
3112;0;1;7.8249999999999997e-01;8.9249999999999996e-01;0.0000000000000000e+00
3113;0;1;8.0750000000000000e-01;8.9249999999999996e-01;0.0000000000000000e+00
3114;0;1;8.3250000000000002e-01;8.9249999999999996e-01;0.0000000000000000e+00
3115;0;1;8.5750000000000004e-01;8.9249999999999996e-01;0.0000000000000000e+00
3116;0;1;8.8249999999999995e-01;8.9249999999999996e-01;0.0000000000000000e+00
3117;0;1;9.0749999999999997e-01;8.9249999999999996e-01;0.0000000000000000e+00
3118;0;1;9.3250000000000000e-01;8.9249999999999996e-01;0.0000000000000000e+00
3119;0;1;9.5750000000000002e-01;8.9249999999999996e-01;0.0000000000000000e+00
3120;0;1;9.8250000000000004e-01;8.9249999999999996e-01;0.0000000000000000e+00
3121;0;1;7.4999999999999997e-03;9.1749999999999998e-01;0.0000000000000000e+00
3122;0;1;3.2500000000000001e-02;9.1749999999999998e-01;0.0000000000000000e+00
3123;0;1;5.7500000000000002e-02;9.1749999999999998e-01;0.0000000000000000e+00
3124;0;1;8.2500000000000018e-02;9.1749999999999998e-01;0.0000000000000000e+00
3125;0;1;1.0750000000000001e-01;9.1749999999999998e-01;0.0000000000000000e+00
3126;0;1;1.3250000000000001e-01;9.1749999999999998e-01;0.0000000000000000e+00
3127;0;1;1.5750000000000003e-01;9.1749999999999998e-01;0.0000000000000000e+00
3128;0;1;1.8250000000000002e-01;9.1749999999999998e-01;0.0000000000000000e+00
3129;0;1;2.0750000000000002e-01;9.1749999999999998e-01;0.0000000000000000e+00
3130;0;1;2.3250000000000001e-01;9.1749999999999998e-01;0.0000000000000000e+00
3131;0;1;2.5750000000000001e-01;9.1749999999999998e-01;0.0000000000000000e+00
3132;0;1;2.8250000000000003e-01;9.1749999999999998e-01;0.0000000000000000e+00
3133;0;1;3.0750000000000005e-01;9.1749999999999998e-01;0.0000000000000000e+00
3134;0;1;3.3250000000000002e-01;9.1749999999999998e-01;0.0000000000000000e+00
3135;0;1;3.5750000000000004e-01;9.1749999999999998e-01;0.0000000000000000e+00
3136;0;1;3.8250000000000001e-01;9.1749999999999998e-01;0.0000000000000000e+00
3137;0;1;4.0750000000000003e-01;9.1749999999999998e-01;0.0000000000000000e+00
3138;0;1;4.3250000000000005e-01;9.1749999999999998e-01;0.0000000000000000e+00
3139;0;1;4.5750000000000002e-01;9.1749999999999998e-01;0.0000000000000000e+00
3140;0;1;4.8250000000000004e-01;9.1749999999999998e-01;0.0000000000000000e+00
3141;0;1;5.0749999999999995e-01;9.1749999999999998e-01;0.0000000000000000e+00
3142;0;1;5.3249999999999997e-01;9.1749999999999998e-01;0.0000000000000000e+00
3143;0;1;5.5750000000000000e-01;9.1749999999999998e-01;0.0000000000000000e+00
3144;0;1;5.8250000000000002e-01;9.1749999999999998e-01;0.0000000000000000e+00
3145;0;1;6.0750000000000004e-01;9.1749999999999998e-01;0.0000000000000000e+00
3146;0;1;6.3249999999999995e-01;9.1749999999999998e-01;0.0000000000000000e+00
3147;0;1;6.5749999999999997e-01;9.1749999999999998e-01;0.0000000000000000e+00
3148;0;1;6.8250000000000000e-01;9.1749999999999998e-01;0.0000000000000000e+00
3149;0;1;7.0750000000000002e-01;9.1749999999999998e-01;0.0000000000000000e+00
3150;0;1;7.3250000000000004e-01;9.1749999999999998e-01;0.0000000000000000e+00
3151;0;1;7.5749999999999995e-01;9.1749999999999998e-01;0.0000000000000000e+00
3152;0;1;7.8249999999999997e-01;9.1749999999999998e-01;0.0000000000000000e+00
3153;0;1;8.0750000000000000e-01;9.1749999999999998e-01;0.0000000000000000e+00
3154;0;1;8.3250000000000002e-01;9.1749999999999998e-01;0.0000000000000000e+00
3155;0;1;8.5750000000000004e-01;9.1749999999999998e-01;0.0000000000000000e+00
3156;0;1;8.8249999999999995e-01;9.1749999999999998e-01;0.0000000000000000e+00
3157;0;1;9.0749999999999997e-01;9.1749999999999998e-01;0.0000000000000000e+00
3158;0;1;9.3250000000000000e-01;9.1749999999999998e-01;0.0000000000000000e+00
3159;0;1;9.5750000000000002e-01;9.1749999999999998e-01;0.0000000000000000e+00
3160;0;1;9.8250000000000004e-01;9.1749999999999998e-01;0.0000000000000000e+00
3161;0;1;7.4999999999999997e-03;9.4250000000000000e-01;0.0000000000000000e+00
3162;0;1;3.2500000000000001e-02;9.4250000000000000e-01;0.0000000000000000e+00
3163;0;1;5.7500000000000002e-02;9.4250000000000000e-01;0.0000000000000000e+00
3164;0;1;8.2500000000000018e-02;9.4250000000000000e-01;0.0000000000000000e+00
3165;0;1;1.0750000000000001e-01;9.4250000000000000e-01;0.0000000000000000e+00
3166;0;1;1.3250000000000001e-01;9.4250000000000000e-01;0.0000000000000000e+00
3167;0;1;1.5750000000000003e-01;9.4250000000000000e-01;0.0000000000000000e+00
3168;0;1;1.8250000000000002e-01;9.4250000000000000e-01;0.0000000000000000e+00
3169;0;1;2.0750000000000002e-01;9.4250000000000000e-01;0.0000000000000000e+00
3170;0;1;2.3250000000000001e-01;9.4250000000000000e-01;0.0000000000000000e+00
3171;0;1;2.5750000000000001e-01;9.4250000000000000e-01;0.0000000000000000e+00
3172;0;1;2.8250000000000003e-01;9.4250000000000000e-01;0.0000000000000000e+00
3173;0;1;3.0750000000000005e-01;9.4250000000000000e-01;0.0000000000000000e+00
3174;0;1;3.3250000000000002e-01;9.4250000000000000e-01;0.0000000000000000e+00
3175;0;1;3.5750000000000004e-01;9.4250000000000000e-01;0.0000000000000000e+00
3176;0;1;3.8250000000000001e-01;9.4250000000000000e-01;0.0000000000000000e+00
3177;0;1;4.0750000000000003e-01;9.4250000000000000e-01;0.0000000000000000e+00
3178;0;1;4.3250000000000005e-01;9.4250000000000000e-01;0.0000000000000000e+00
3179;0;1;4.5750000000000002e-01;9.4250000000000000e-01;0.0000000000000000e+00
3180;0;1;4.8250000000000004e-01;9.4250000000000000e-01;0.0000000000000000e+00
3181;0;1;5.0749999999999995e-01;9.4250000000000000e-01;0.0000000000000000e+00
3182;0;1;5.3249999999999997e-01;9.4250000000000000e-01;0.0000000000000000e+00
3183;0;1;5.5750000000000000e-01;9.4250000000000000e-01;0.0000000000000000e+00
3184;0;1;5.8250000000000002e-01;9.4250000000000000e-01;0.0000000000000000e+00
3185;0;1;6.0750000000000004e-01;9.4250000000000000e-01;0.0000000000000000e+00
3186;0;1;6.3249999999999995e-01;9.4250000000000000e-01;0.0000000000000000e+00
3187;0;1;6.5749999999999997e-01;9.4250000000000000e-01;0.0000000000000000e+00
3188;0;1;6.8250000000000000e-01;9.4250000000000000e-01;0.0000000000000000e+00
3189;0;1;7.0750000000000002e-01;9.4250000000000000e-01;0.0000000000000000e+00
3190;0;1;7.3250000000000004e-01;9.4250000000000000e-01;0.0000000000000000e+00
3191;0;1;7.5749999999999995e-01;9.4250000000000000e-01;0.0000000000000000e+00
3192;0;1;7.8249999999999997e-01;9.4250000000000000e-01;0.0000000000000000e+00
3193;0;1;8.0750000000000000e-01;9.4250000000000000e-01;0.0000000000000000e+00
3194;0;1;8.3250000000000002e-01;9.4250000000000000e-01;0.0000000000000000e+00
3195;0;1;8.5750000000000004e-01;9.4250000000000000e-01;0.0000000000000000e+00
3196;0;1;8.8249999999999995e-01;9.4250000000000000e-01;0.0000000000000000e+00
3197;0;1;9.0749999999999997e-01;9.4250000000000000e-01;0.0000000000000000e+00
3198;0;1;9.3250000000000000e-01;9.4250000000000000e-01;0.0000000000000000e+00
3199;0;1;9.5750000000000002e-01;9.4250000000000000e-01;0.0000000000000000e+00
3200;0;1;9.8250000000000004e-01;9.4250000000000000e-01;0.0000000000000000e+00
3201;0;1;7.4999999999999997e-03;9.6750000000000003e-01;0.0000000000000000e+00
3202;0;1;3.2500000000000001e-02;9.6750000000000003e-01;0.0000000000000000e+00
3203;0;1;5.7500000000000002e-02;9.6750000000000003e-01;0.0000000000000000e+00
3204;0;1;8.2500000000000018e-02;9.6750000000000003e-01;0.0000000000000000e+00
3205;0;1;1.0750000000000001e-01;9.6750000000000003e-01;0.0000000000000000e+00
3206;0;1;1.3250000000000001e-01;9.6750000000000003e-01;0.0000000000000000e+00
3207;0;1;1.5750000000000003e-01;9.6750000000000003e-01;0.0000000000000000e+00
3208;0;1;1.8250000000000002e-01;9.6750000000000003e-01;0.0000000000000000e+00
3209;0;1;2.0750000000000002e-01;9.6750000000000003e-01;0.0000000000000000e+00
3210;0;1;2.3250000000000001e-01;9.6750000000000003e-01;0.0000000000000000e+00
3211;0;1;2.5750000000000001e-01;9.6750000000000003e-01;0.0000000000000000e+00
3212;0;1;2.8250000000000003e-01;9.6750000000000003e-01;0.0000000000000000e+00
3213;0;1;3.0750000000000005e-01;9.6750000000000003e-01;0.0000000000000000e+00
3214;0;1;3.3250000000000002e-01;9.6750000000000003e-01;0.0000000000000000e+00
3215;0;1;3.5750000000000004e-01;9.6750000000000003e-01;0.0000000000000000e+00
3216;0;1;3.8250000000000001e-01;9.6750000000000003e-01;0.0000000000000000e+00
3217;0;1;4.0750000000000003e-01;9.6750000000000003e-01;0.0000000000000000e+00
3218;0;1;4.3250000000000005e-01;9.6750000000000003e-01;0.0000000000000000e+00
3219;0;1;4.5750000000000002e-01;9.6750000000000003e-01;0.0000000000000000e+00
3220;0;1;4.8250000000000004e-01;9.6750000000000003e-01;0.0000000000000000e+00
3221;0;1;5.0749999999999995e-01;9.6750000000000003e-01;0.0000000000000000e+00
3222;0;1;5.3249999999999997e-01;9.6750000000000003e-01;0.0000000000000000e+00
3223;0;1;5.5750000000000000e-01;9.6750000000000003e-01;0.0000000000000000e+00
3224;0;1;5.8250000000000002e-01;9.6750000000000003e-01;0.0000000000000000e+00
3225;0;1;6.0750000000000004e-01;9.6750000000000003e-01;0.0000000000000000e+00
3226;0;1;6.3249999999999995e-01;9.6750000000000003e-01;0.0000000000000000e+00
3227;0;1;6.5749999999999997e-01;9.6750000000000003e-01;0.0000000000000000e+00
3228;0;1;6.8250000000000000e-01;9.6750000000000003e-01;0.0000000000000000e+00
3229;0;1;7.0750000000000002e-01;9.6750000000000003e-01;0.0000000000000000e+00
3230;0;1;7.3250000000000004e-01;9.6750000000000003e-01;0.0000000000000000e+00
3231;0;1;7.5749999999999995e-01;9.6750000000000003e-01;0.0000000000000000e+00
3232;0;1;7.8249999999999997e-01;9.6750000000000003e-01;0.0000000000000000e+00
3233;0;1;8.0750000000000000e-01;9.6750000000000003e-01;0.0000000000000000e+00
3234;0;1;8.3250000000000002e-01;9.6750000000000003e-01;0.0000000000000000e+00
3235;0;1;8.5750000000000004e-01;9.6750000000000003e-01;0.0000000000000000e+00
3236;0;1;8.8249999999999995e-01;9.6750000000000003e-01;0.0000000000000000e+00
3237;0;1;9.0749999999999997e-01;9.6750000000000003e-01;0.0000000000000000e+00
3238;0;1;9.3250000000000000e-01;9.6750000000000003e-01;0.0000000000000000e+00
3239;0;1;9.5750000000000002e-01;9.6750000000000003e-01;0.0000000000000000e+00
3240;0;1;9.8250000000000004e-01;9.6750000000000003e-01;0.0000000000000000e+00
3241;0;1;7.4999999999999997e-03;9.9250000000000005e-01;0.0000000000000000e+00
3242;0;1;3.2500000000000001e-02;9.9250000000000005e-01;0.0000000000000000e+00
3243;0;1;5.7500000000000002e-02;9.9250000000000005e-01;0.0000000000000000e+00
3244;0;1;8.2500000000000018e-02;9.9250000000000005e-01;0.0000000000000000e+00
3245;0;1;1.0750000000000001e-01;9.9250000000000005e-01;0.0000000000000000e+00
3246;0;1;1.3250000000000001e-01;9.9250000000000005e-01;0.0000000000000000e+00
3247;0;1;1.5750000000000003e-01;9.9250000000000005e-01;0.0000000000000000e+00
3248;0;1;1.8250000000000002e-01;9.9250000000000005e-01;0.0000000000000000e+00
3249;0;1;2.0750000000000002e-01;9.9250000000000005e-01;0.0000000000000000e+00
3250;0;1;2.3250000000000001e-01;9.9250000000000005e-01;0.0000000000000000e+00
3251;0;1;2.5750000000000001e-01;9.9250000000000005e-01;0.0000000000000000e+00
3252;0;1;2.8250000000000003e-01;9.9250000000000005e-01;0.0000000000000000e+00
3253;0;1;3.0750000000000005e-01;9.9250000000000005e-01;0.0000000000000000e+00
3254;0;1;3.3250000000000002e-01;9.9250000000000005e-01;0.0000000000000000e+00
3255;0;1;3.5750000000000004e-01;9.9250000000000005e-01;0.0000000000000000e+00
3256;0;1;3.8250000000000001e-01;9.9250000000000005e-01;0.0000000000000000e+00
3257;0;1;4.0750000000000003e-01;9.9250000000000005e-01;0.0000000000000000e+00
3258;0;1;4.3250000000000005e-01;9.9250000000000005e-01;0.0000000000000000e+00
3259;0;1;4.5750000000000002e-01;9.9250000000000005e-01;0.0000000000000000e+00
3260;0;1;4.8250000000000004e-01;9.9250000000000005e-01;0.0000000000000000e+00
3261;0;1;5.0749999999999995e-01;9.9250000000000005e-01;0.0000000000000000e+00
3262;0;1;5.3249999999999997e-01;9.9250000000000005e-01;0.0000000000000000e+00
3263;0;1;5.5750000000000000e-01;9.9250000000000005e-01;0.0000000000000000e+00
3264;0;1;5.8250000000000002e-01;9.9250000000000005e-01;0.0000000000000000e+00
3265;0;1;6.0750000000000004e-01;9.9250000000000005e-01;0.0000000000000000e+00
3266;0;1;6.3249999999999995e-01;9.9250000000000005e-01;0.0000000000000000e+00
3267;0;1;6.5749999999999997e-01;9.9250000000000005e-01;0.0000000000000000e+00
3268;0;1;6.8250000000000000e-01;9.9250000000000005e-01;0.0000000000000000e+00
3269;0;1;7.0750000000000002e-01;9.9250000000000005e-01;0.0000000000000000e+00
3270;0;1;7.3250000000000004e-01;9.9250000000000005e-01;0.0000000000000000e+00
3271;0;1;7.5749999999999995e-01;9.9250000000000005e-01;0.0000000000000000e+00
3272;0;1;7.8249999999999997e-01;9.9250000000000005e-01;0.0000000000000000e+00
3273;0;1;8.0750000000000000e-01;9.9250000000000005e-01;0.0000000000000000e+00
3274;0;1;8.3250000000000002e-01;9.9250000000000005e-01;0.0000000000000000e+00
3275;0;1;8.5750000000000004e-01;9.9250000000000005e-01;0.0000000000000000e+00
3276;0;1;8.8249999999999995e-01;9.9250000000000005e-01;0.0000000000000000e+00
3277;0;1;9.0749999999999997e-01;9.9250000000000005e-01;0.0000000000000000e+00
3278;0;1;9.3250000000000000e-01;9.9250000000000005e-01;0.0000000000000000e+00
3279;0;1;9.5750000000000002e-01;9.9250000000000005e-01;0.0000000000000000e+00
3280;0;1;9.8250000000000004e-01;9.9250000000000005e-01;0.0000000000000000e+00
3281;0;1;1.7499999999999998e-02;7.4999999999999997e-03;0.0000000000000000e+00
3282;0;1;4.2499999999999996e-02;7.4999999999999997e-03;0.0000000000000000e+00
3283;0;1;6.7500000000000004e-02;7.4999999999999997e-03;0.0000000000000000e+00
3284;0;1;9.2500000000000013e-02;7.4999999999999997e-03;0.0000000000000000e+00
3285;0;1;1.1750000000000001e-01;7.4999999999999997e-03;0.0000000000000000e+00
3286;0;1;1.4249999999999999e-01;7.4999999999999997e-03;0.0000000000000000e+00
3287;0;1;1.6750000000000001e-01;7.4999999999999997e-03;0.0000000000000000e+00
3288;0;1;1.9250000000000000e-01;7.4999999999999997e-03;0.0000000000000000e+00
3289;0;1;2.1750000000000000e-01;7.4999999999999997e-03;0.0000000000000000e+00
3290;0;1;2.4249999999999999e-01;7.4999999999999997e-03;0.0000000000000000e+00
3291;0;1;2.6750000000000002e-01;7.4999999999999997e-03;0.0000000000000000e+00
3292;0;1;2.9250000000000004e-01;7.4999999999999997e-03;0.0000000000000000e+00
3293;0;1;3.1750000000000006e-01;7.4999999999999997e-03;0.0000000000000000e+00
3294;0;1;3.4250000000000003e-01;7.4999999999999997e-03;0.0000000000000000e+00
3295;0;1;3.6750000000000005e-01;7.4999999999999997e-03;0.0000000000000000e+00
3296;0;1;3.9250000000000002e-01;7.4999999999999997e-03;0.0000000000000000e+00
3297;0;1;4.1750000000000004e-01;7.4999999999999997e-03;0.0000000000000000e+00
3298;0;1;4.4250000000000006e-01;7.4999999999999997e-03;0.0000000000000000e+00
3299;0;1;4.6750000000000003e-01;7.4999999999999997e-03;0.0000000000000000e+00
3300;0;1;4.9250000000000005e-01;7.4999999999999997e-03;0.0000000000000000e+00
3301;0;1;5.1749999999999996e-01;7.4999999999999997e-03;0.0000000000000000e+00
3302;0;1;5.4249999999999998e-01;7.4999999999999997e-03;0.0000000000000000e+00
3303;0;1;5.6750000000000000e-01;7.4999999999999997e-03;0.0000000000000000e+00
3304;0;1;5.9250000000000003e-01;7.4999999999999997e-03;0.0000000000000000e+00
3305;0;1;6.1750000000000005e-01;7.4999999999999997e-03;0.0000000000000000e+00
3306;0;1;6.4249999999999996e-01;7.4999999999999997e-03;0.0000000000000000e+00
3307;0;1;6.6749999999999998e-01;7.4999999999999997e-03;0.0000000000000000e+00
3308;0;1;6.9250000000000000e-01;7.4999999999999997e-03;0.0000000000000000e+00
3309;0;1;7.1750000000000003e-01;7.4999999999999997e-03;0.0000000000000000e+00
3310;0;1;7.4250000000000005e-01;7.4999999999999997e-03;0.0000000000000000e+00
3311;0;1;7.6749999999999996e-01;7.4999999999999997e-03;0.0000000000000000e+00
3312;0;1;7.9249999999999998e-01;7.4999999999999997e-03;0.0000000000000000e+00
3313;0;1;8.1750000000000000e-01;7.4999999999999997e-03;0.0000000000000000e+00
3314;0;1;8.4250000000000003e-01;7.4999999999999997e-03;0.0000000000000000e+00
3315;0;1;8.6750000000000005e-01;7.4999999999999997e-03;0.0000000000000000e+00
3316;0;1;8.9249999999999996e-01;7.4999999999999997e-03;0.0000000000000000e+00
3317;0;1;9.1749999999999998e-01;7.4999999999999997e-03;0.0000000000000000e+00
3318;0;1;9.4250000000000000e-01;7.4999999999999997e-03;0.0000000000000000e+00
3319;0;1;9.6750000000000003e-01;7.4999999999999997e-03;0.0000000000000000e+00
3320;0;1;9.9250000000000005e-01;7.4999999999999997e-03;0.0000000000000000e+00
3321;0;1;1.7499999999999998e-02;3.2500000000000001e-02;0.0000000000000000e+00
3322;0;1;4.2499999999999996e-02;3.2500000000000001e-02;0.0000000000000000e+00
3323;0;1;6.7500000000000004e-02;3.2500000000000001e-02;0.0000000000000000e+00
3324;0;1;9.2500000000000013e-02;3.2500000000000001e-02;0.0000000000000000e+00
3325;0;1;1.1750000000000001e-01;3.2500000000000001e-02;0.0000000000000000e+00
3326;0;1;1.4249999999999999e-01;3.2500000000000001e-02;0.0000000000000000e+00
3327;0;1;1.6750000000000001e-01;3.2500000000000001e-02;0.0000000000000000e+00
3328;0;1;1.9250000000000000e-01;3.2500000000000001e-02;0.0000000000000000e+00
3329;0;1;2.1750000000000000e-01;3.2500000000000001e-02;0.0000000000000000e+00
3330;0;1;2.4249999999999999e-01;3.2500000000000001e-02;0.0000000000000000e+00
3331;0;1;2.6750000000000002e-01;3.2500000000000001e-02;0.0000000000000000e+00
3332;0;1;2.9250000000000004e-01;3.2500000000000001e-02;0.0000000000000000e+00
3333;0;1;3.1750000000000006e-01;3.2500000000000001e-02;0.0000000000000000e+00
3334;0;1;3.4250000000000003e-01;3.2500000000000001e-02;0.0000000000000000e+00
3335;0;1;3.6750000000000005e-01;3.2500000000000001e-02;0.0000000000000000e+00
3336;0;1;3.9250000000000002e-01;3.2500000000000001e-02;0.0000000000000000e+00
3337;0;1;4.1750000000000004e-01;3.2500000000000001e-02;0.0000000000000000e+00
3338;0;1;4.4250000000000006e-01;3.2500000000000001e-02;0.0000000000000000e+00
3339;0;1;4.6750000000000003e-01;3.2500000000000001e-02;0.0000000000000000e+00
3340;0;1;4.9250000000000005e-01;3.2500000000000001e-02;0.0000000000000000e+00
3341;0;1;5.1749999999999996e-01;3.2500000000000001e-02;0.0000000000000000e+00
3342;0;1;5.4249999999999998e-01;3.2500000000000001e-02;0.0000000000000000e+00
3343;0;1;5.6750000000000000e-01;3.2500000000000001e-02;0.0000000000000000e+00
3344;0;1;5.9250000000000003e-01;3.2500000000000001e-02;0.0000000000000000e+00
3345;0;1;6.1750000000000005e-01;3.2500000000000001e-02;0.0000000000000000e+00
3346;0;1;6.4249999999999996e-01;3.2500000000000001e-02;0.0000000000000000e+00
3347;0;1;6.6749999999999998e-01;3.2500000000000001e-02;0.0000000000000000e+00
3348;0;1;6.9250000000000000e-01;3.2500000000000001e-02;0.0000000000000000e+00
3349;0;1;7.1750000000000003e-01;3.2500000000000001e-02;0.0000000000000000e+00
3350;0;1;7.4250000000000005e-01;3.2500000000000001e-02;0.0000000000000000e+00
3351;0;1;7.6749999999999996e-01;3.2500000000000001e-02;0.0000000000000000e+00
3352;0;1;7.9249999999999998e-01;3.2500000000000001e-02;0.0000000000000000e+00
3353;0;1;8.1750000000000000e-01;3.2500000000000001e-02;0.0000000000000000e+00
3354;0;1;8.4250000000000003e-01;3.2500000000000001e-02;0.0000000000000000e+00
3355;0;1;8.6750000000000005e-01;3.2500000000000001e-02;0.0000000000000000e+00
3356;0;1;8.9249999999999996e-01;3.2500000000000001e-02;0.0000000000000000e+00
3357;0;1;9.1749999999999998e-01;3.2500000000000001e-02;0.0000000000000000e+00
3358;0;1;9.4250000000000000e-01;3.2500000000000001e-02;0.0000000000000000e+00
3359;0;1;9.6750000000000003e-01;3.2500000000000001e-02;0.0000000000000000e+00
3360;0;1;9.9250000000000005e-01;3.2500000000000001e-02;0.0000000000000000e+00
3361;0;1;1.7499999999999998e-02;5.7500000000000002e-02;0.0000000000000000e+00
3362;0;1;4.2499999999999996e-02;5.7500000000000002e-02;0.0000000000000000e+00
3363;0;1;6.7500000000000004e-02;5.7500000000000002e-02;0.0000000000000000e+00
3364;0;1;9.2500000000000013e-02;5.7500000000000002e-02;0.0000000000000000e+00
3365;0;1;1.1750000000000001e-01;5.7500000000000002e-02;0.0000000000000000e+00
3366;0;1;1.4249999999999999e-01;5.7500000000000002e-02;0.0000000000000000e+00
3367;0;1;1.6750000000000001e-01;5.7500000000000002e-02;0.0000000000000000e+00
3368;0;1;1.9250000000000000e-01;5.7500000000000002e-02;0.0000000000000000e+00
3369;0;1;2.1750000000000000e-01;5.7500000000000002e-02;0.0000000000000000e+00
3370;0;1;2.4249999999999999e-01;5.7500000000000002e-02;0.0000000000000000e+00
3371;0;1;2.6750000000000002e-01;5.7500000000000002e-02;0.0000000000000000e+00
3372;0;1;2.9250000000000004e-01;5.7500000000000002e-02;0.0000000000000000e+00
3373;0;1;3.1750000000000006e-01;5.7500000000000002e-02;0.0000000000000000e+00
3374;0;1;3.4250000000000003e-01;5.7500000000000002e-02;0.0000000000000000e+00
3375;0;1;3.6750000000000005e-01;5.7500000000000002e-02;0.0000000000000000e+00
3376;0;1;3.9250000000000002e-01;5.7500000000000002e-02;0.0000000000000000e+00
3377;0;1;4.1750000000000004e-01;5.7500000000000002e-02;0.0000000000000000e+00
3378;0;1;4.4250000000000006e-01;5.7500000000000002e-02;0.0000000000000000e+00
3379;0;1;4.6750000000000003e-01;5.7500000000000002e-02;0.0000000000000000e+00
3380;0;1;4.9250000000000005e-01;5.7500000000000002e-02;0.0000000000000000e+00
3381;0;1;5.1749999999999996e-01;5.7500000000000002e-02;0.0000000000000000e+00
3382;0;1;5.4249999999999998e-01;5.7500000000000002e-02;0.0000000000000000e+00
3383;0;1;5.6750000000000000e-01;5.7500000000000002e-02;0.0000000000000000e+00
3384;0;1;5.9250000000000003e-01;5.7500000000000002e-02;0.0000000000000000e+00
3385;0;1;6.1750000000000005e-01;5.7500000000000002e-02;0.0000000000000000e+00
3386;0;1;6.4249999999999996e-01;5.7500000000000002e-02;0.0000000000000000e+00
3387;0;1;6.6749999999999998e-01;5.7500000000000002e-02;0.0000000000000000e+00
3388;0;1;6.9250000000000000e-01;5.7500000000000002e-02;0.0000000000000000e+00
3389;0;1;7.1750000000000003e-01;5.7500000000000002e-02;0.0000000000000000e+00
3390;0;1;7.4250000000000005e-01;5.7500000000000002e-02;0.0000000000000000e+00
3391;0;1;7.6749999999999996e-01;5.7500000000000002e-02;0.0000000000000000e+00
3392;0;1;7.9249999999999998e-01;5.7500000000000002e-02;0.0000000000000000e+00
3393;0;1;8.1750000000000000e-01;5.7500000000000002e-02;0.0000000000000000e+00
3394;0;1;8.4250000000000003e-01;5.7500000000000002e-02;0.0000000000000000e+00
3395;0;1;8.6750000000000005e-01;5.7500000000000002e-02;0.0000000000000000e+00
3396;0;1;8.9249999999999996e-01;5.7500000000000002e-02;0.0000000000000000e+00
3397;0;1;9.1749999999999998e-01;5.7500000000000002e-02;0.0000000000000000e+00
3398;0;1;9.4250000000000000e-01;5.7500000000000002e-02;0.0000000000000000e+00
3399;0;1;9.6750000000000003e-01;5.7500000000000002e-02;0.0000000000000000e+00
3400;0;1;9.9250000000000005e-01;5.7500000000000002e-02;0.0000000000000000e+00
3401;0;1;1.7499999999999998e-02;8.2500000000000018e-02;0.0000000000000000e+00
3402;0;1;4.2499999999999996e-02;8.2500000000000018e-02;0.0000000000000000e+00
3403;0;1;6.7500000000000004e-02;8.2500000000000018e-02;0.0000000000000000e+00
3404;0;1;9.2500000000000013e-02;8.2500000000000018e-02;0.0000000000000000e+00
3405;0;1;1.1750000000000001e-01;8.2500000000000018e-02;0.0000000000000000e+00
3406;0;1;1.4249999999999999e-01;8.2500000000000018e-02;0.0000000000000000e+00
3407;0;1;1.6750000000000001e-01;8.2500000000000018e-02;0.0000000000000000e+00
3408;0;1;1.9250000000000000e-01;8.2500000000000018e-02;0.0000000000000000e+00
3409;0;1;2.1750000000000000e-01;8.2500000000000018e-02;0.0000000000000000e+00
3410;0;1;2.4249999999999999e-01;8.2500000000000018e-02;0.0000000000000000e+00
3411;0;1;2.6750000000000002e-01;8.2500000000000018e-02;0.0000000000000000e+00
3412;0;1;2.9250000000000004e-01;8.2500000000000018e-02;0.0000000000000000e+00
3413;0;1;3.1750000000000006e-01;8.2500000000000018e-02;0.0000000000000000e+00
3414;0;1;3.4250000000000003e-01;8.2500000000000018e-02;0.0000000000000000e+00
3415;0;1;3.6750000000000005e-01;8.2500000000000018e-02;0.0000000000000000e+00
3416;0;1;3.9250000000000002e-01;8.2500000000000018e-02;0.0000000000000000e+00
3417;0;1;4.1750000000000004e-01;8.2500000000000018e-02;0.0000000000000000e+00
3418;0;1;4.4250000000000006e-01;8.2500000000000018e-02;0.0000000000000000e+00
3419;0;1;4.6750000000000003e-01;8.2500000000000018e-02;0.0000000000000000e+00
3420;0;1;4.9250000000000005e-01;8.2500000000000018e-02;0.0000000000000000e+00
3421;0;1;5.1749999999999996e-01;8.2500000000000018e-02;0.0000000000000000e+00
3422;0;1;5.4249999999999998e-01;8.2500000000000018e-02;0.0000000000000000e+00
3423;0;1;5.6750000000000000e-01;8.2500000000000018e-02;0.0000000000000000e+00
3424;0;1;5.9250000000000003e-01;8.2500000000000018e-02;0.0000000000000000e+00
3425;0;1;6.1750000000000005e-01;8.2500000000000018e-02;0.0000000000000000e+00
3426;0;1;6.4249999999999996e-01;8.2500000000000018e-02;0.0000000000000000e+00
3427;0;1;6.6749999999999998e-01;8.2500000000000018e-02;0.0000000000000000e+00
3428;0;1;6.9250000000000000e-01;8.2500000000000018e-02;0.0000000000000000e+00
3429;0;1;7.1750000000000003e-01;8.2500000000000018e-02;0.0000000000000000e+00
3430;0;1;7.4250000000000005e-01;8.2500000000000018e-02;0.0000000000000000e+00
3431;0;1;7.6749999999999996e-01;8.2500000000000018e-02;0.0000000000000000e+00
3432;0;1;7.9249999999999998e-01;8.2500000000000018e-02;0.0000000000000000e+00
3433;0;1;8.1750000000000000e-01;8.2500000000000018e-02;0.0000000000000000e+00
3434;0;1;8.4250000000000003e-01;8.2500000000000018e-02;0.0000000000000000e+00
3435;0;1;8.6750000000000005e-01;8.2500000000000018e-02;0.0000000000000000e+00
3436;0;1;8.9249999999999996e-01;8.2500000000000018e-02;0.0000000000000000e+00
3437;0;1;9.1749999999999998e-01;8.2500000000000018e-02;0.0000000000000000e+00
3438;0;1;9.4250000000000000e-01;8.2500000000000018e-02;0.0000000000000000e+00
3439;0;1;9.6750000000000003e-01;8.2500000000000018e-02;0.0000000000000000e+00
3440;0;1;9.9250000000000005e-01;8.2500000000000018e-02;0.0000000000000000e+00
3441;0;1;1.7499999999999998e-02;1.0750000000000001e-01;0.0000000000000000e+00
3442;0;1;4.2499999999999996e-02;1.0750000000000001e-01;0.0000000000000000e+00
3443;0;1;6.7500000000000004e-02;1.0750000000000001e-01;0.0000000000000000e+00
3444;0;1;9.2500000000000013e-02;1.0750000000000001e-01;0.0000000000000000e+00
3445;0;1;1.1750000000000001e-01;1.0750000000000001e-01;0.0000000000000000e+00
3446;0;1;1.4249999999999999e-01;1.0750000000000001e-01;0.0000000000000000e+00
3447;0;1;1.6750000000000001e-01;1.0750000000000001e-01;0.0000000000000000e+00
3448;0;1;1.9250000000000000e-01;1.0750000000000001e-01;0.0000000000000000e+00
3449;0;1;2.1750000000000000e-01;1.0750000000000001e-01;0.0000000000000000e+00
3450;0;1;2.4249999999999999e-01;1.0750000000000001e-01;0.0000000000000000e+00
3451;0;1;2.6750000000000002e-01;1.0750000000000001e-01;0.0000000000000000e+00
3452;0;1;2.9250000000000004e-01;1.0750000000000001e-01;0.0000000000000000e+00
3453;0;1;3.1750000000000006e-01;1.0750000000000001e-01;0.0000000000000000e+00
3454;0;1;3.4250000000000003e-01;1.0750000000000001e-01;0.0000000000000000e+00
3455;0;1;3.6750000000000005e-01;1.0750000000000001e-01;0.0000000000000000e+00
3456;0;1;3.9250000000000002e-01;1.0750000000000001e-01;0.0000000000000000e+00
3457;0;1;4.1750000000000004e-01;1.0750000000000001e-01;0.0000000000000000e+00
3458;0;1;4.4250000000000006e-01;1.0750000000000001e-01;0.0000000000000000e+00
3459;0;1;4.6750000000000003e-01;1.0750000000000001e-01;0.0000000000000000e+00
3460;0;1;4.9250000000000005e-01;1.0750000000000001e-01;0.0000000000000000e+00
3461;0;1;5.1749999999999996e-01;1.0750000000000001e-01;0.0000000000000000e+00
3462;0;1;5.4249999999999998e-01;1.0750000000000001e-01;0.0000000000000000e+00
3463;0;1;5.6750000000000000e-01;1.0750000000000001e-01;0.0000000000000000e+00
3464;0;1;5.9250000000000003e-01;1.0750000000000001e-01;0.0000000000000000e+00
3465;0;1;6.1750000000000005e-01;1.0750000000000001e-01;0.0000000000000000e+00
3466;0;1;6.4249999999999996e-01;1.0750000000000001e-01;0.0000000000000000e+00
3467;0;1;6.6749999999999998e-01;1.0750000000000001e-01;0.0000000000000000e+00
3468;0;1;6.9250000000000000e-01;1.0750000000000001e-01;0.0000000000000000e+00
3469;0;1;7.1750000000000003e-01;1.0750000000000001e-01;0.0000000000000000e+00
3470;0;1;7.4250000000000005e-01;1.0750000000000001e-01;0.0000000000000000e+00
3471;0;1;7.6749999999999996e-01;1.0750000000000001e-01;0.0000000000000000e+00
3472;0;1;7.9249999999999998e-01;1.0750000000000001e-01;0.0000000000000000e+00
3473;0;1;8.1750000000000000e-01;1.0750000000000001e-01;0.0000000000000000e+00
3474;0;1;8.4250000000000003e-01;1.0750000000000001e-01;0.0000000000000000e+00
3475;0;1;8.6750000000000005e-01;1.0750000000000001e-01;0.0000000000000000e+00
3476;0;1;8.9249999999999996e-01;1.0750000000000001e-01;0.0000000000000000e+00
3477;0;1;9.1749999999999998e-01;1.0750000000000001e-01;0.0000000000000000e+00
3478;0;1;9.4250000000000000e-01;1.0750000000000001e-01;0.0000000000000000e+00
3479;0;1;9.6750000000000003e-01;1.0750000000000001e-01;0.0000000000000000e+00
3480;0;1;9.9250000000000005e-01;1.0750000000000001e-01;0.0000000000000000e+00
3481;0;1;1.7499999999999998e-02;1.3250000000000001e-01;0.0000000000000000e+00
3482;0;1;4.2499999999999996e-02;1.3250000000000001e-01;0.0000000000000000e+00
3483;0;1;6.7500000000000004e-02;1.3250000000000001e-01;0.0000000000000000e+00
3484;0;1;9.2500000000000013e-02;1.3250000000000001e-01;0.0000000000000000e+00
3485;0;1;1.1750000000000001e-01;1.3250000000000001e-01;0.0000000000000000e+00
3486;0;1;1.4249999999999999e-01;1.3250000000000001e-01;0.0000000000000000e+00
3487;0;1;1.6750000000000001e-01;1.3250000000000001e-01;0.0000000000000000e+00
3488;0;1;1.9250000000000000e-01;1.3250000000000001e-01;0.0000000000000000e+00
3489;0;1;2.1750000000000000e-01;1.3250000000000001e-01;0.0000000000000000e+00
3490;0;1;2.4249999999999999e-01;1.3250000000000001e-01;0.0000000000000000e+00
3491;0;1;2.6750000000000002e-01;1.3250000000000001e-01;0.0000000000000000e+00
3492;0;1;2.9250000000000004e-01;1.3250000000000001e-01;0.0000000000000000e+00
3493;0;1;3.1750000000000006e-01;1.3250000000000001e-01;0.0000000000000000e+00
3494;0;1;3.4250000000000003e-01;1.3250000000000001e-01;0.0000000000000000e+00
3495;0;1;3.6750000000000005e-01;1.3250000000000001e-01;0.0000000000000000e+00
3496;0;1;3.9250000000000002e-01;1.3250000000000001e-01;0.0000000000000000e+00
3497;0;1;4.1750000000000004e-01;1.3250000000000001e-01;0.0000000000000000e+00
3498;0;1;4.4250000000000006e-01;1.3250000000000001e-01;0.0000000000000000e+00
3499;0;1;4.6750000000000003e-01;1.3250000000000001e-01;0.0000000000000000e+00
3500;0;1;4.9250000000000005e-01;1.3250000000000001e-01;0.0000000000000000e+00
3501;0;1;5.1749999999999996e-01;1.3250000000000001e-01;0.0000000000000000e+00
3502;0;1;5.4249999999999998e-01;1.3250000000000001e-01;0.0000000000000000e+00
3503;0;1;5.6750000000000000e-01;1.3250000000000001e-01;0.0000000000000000e+00
3504;0;1;5.9250000000000003e-01;1.3250000000000001e-01;0.0000000000000000e+00
3505;0;1;6.1750000000000005e-01;1.3250000000000001e-01;0.0000000000000000e+00
3506;0;1;6.4249999999999996e-01;1.3250000000000001e-01;0.0000000000000000e+00
3507;0;1;6.6749999999999998e-01;1.3250000000000001e-01;0.0000000000000000e+00
3508;0;1;6.9250000000000000e-01;1.3250000000000001e-01;0.0000000000000000e+00
3509;0;1;7.1750000000000003e-01;1.3250000000000001e-01;0.0000000000000000e+00
3510;0;1;7.4250000000000005e-01;1.3250000000000001e-01;0.0000000000000000e+00
3511;0;1;7.6749999999999996e-01;1.3250000000000001e-01;0.0000000000000000e+00
3512;0;1;7.9249999999999998e-01;1.3250000000000001e-01;0.0000000000000000e+00
3513;0;1;8.1750000000000000e-01;1.3250000000000001e-01;0.0000000000000000e+00
3514;0;1;8.4250000000000003e-01;1.3250000000000001e-01;0.0000000000000000e+00
3515;0;1;8.6750000000000005e-01;1.3250000000000001e-01;0.0000000000000000e+00
3516;0;1;8.9249999999999996e-01;1.3250000000000001e-01;0.0000000000000000e+00
3517;0;1;9.1749999999999998e-01;1.3250000000000001e-01;0.0000000000000000e+00
3518;0;1;9.4250000000000000e-01;1.3250000000000001e-01;0.0000000000000000e+00
3519;0;1;9.6750000000000003e-01;1.3250000000000001e-01;0.0000000000000000e+00
3520;0;1;9.9250000000000005e-01;1.3250000000000001e-01;0.0000000000000000e+00
3521;0;1;1.7499999999999998e-02;1.5750000000000003e-01;0.0000000000000000e+00
3522;0;1;4.2499999999999996e-02;1.5750000000000003e-01;0.0000000000000000e+00
3523;0;1;6.7500000000000004e-02;1.5750000000000003e-01;0.0000000000000000e+00
3524;0;1;9.2500000000000013e-02;1.5750000000000003e-01;0.0000000000000000e+00
3525;0;1;1.1750000000000001e-01;1.5750000000000003e-01;0.0000000000000000e+00
3526;0;1;1.4249999999999999e-01;1.5750000000000003e-01;0.0000000000000000e+00
3527;0;1;1.6750000000000001e-01;1.5750000000000003e-01;0.0000000000000000e+00
3528;0;1;1.9250000000000000e-01;1.5750000000000003e-01;0.0000000000000000e+00
3529;0;1;2.1750000000000000e-01;1.5750000000000003e-01;0.0000000000000000e+00
3530;0;1;2.4249999999999999e-01;1.5750000000000003e-01;0.0000000000000000e+00
3531;0;1;2.6750000000000002e-01;1.5750000000000003e-01;0.0000000000000000e+00
3532;0;1;2.9250000000000004e-01;1.5750000000000003e-01;0.0000000000000000e+00
3533;0;1;3.1750000000000006e-01;1.5750000000000003e-01;0.0000000000000000e+00
3534;0;1;3.4250000000000003e-01;1.5750000000000003e-01;0.0000000000000000e+00
3535;0;1;3.6750000000000005e-01;1.5750000000000003e-01;0.0000000000000000e+00
3536;0;1;3.9250000000000002e-01;1.5750000000000003e-01;0.0000000000000000e+00
3537;0;1;4.1750000000000004e-01;1.5750000000000003e-01;0.0000000000000000e+00
3538;0;1;4.4250000000000006e-01;1.5750000000000003e-01;0.0000000000000000e+00
3539;0;1;4.6750000000000003e-01;1.5750000000000003e-01;0.0000000000000000e+00
3540;0;1;4.9250000000000005e-01;1.5750000000000003e-01;0.0000000000000000e+00
3541;0;1;5.1749999999999996e-01;1.5750000000000003e-01;0.0000000000000000e+00
3542;0;1;5.4249999999999998e-01;1.5750000000000003e-01;0.0000000000000000e+00
3543;0;1;5.6750000000000000e-01;1.5750000000000003e-01;0.0000000000000000e+00
3544;0;1;5.9250000000000003e-01;1.5750000000000003e-01;0.0000000000000000e+00
3545;0;1;6.1750000000000005e-01;1.5750000000000003e-01;0.0000000000000000e+00
3546;0;1;6.4249999999999996e-01;1.5750000000000003e-01;0.0000000000000000e+00
3547;0;1;6.6749999999999998e-01;1.5750000000000003e-01;0.0000000000000000e+00
3548;0;1;6.9250000000000000e-01;1.5750000000000003e-01;0.0000000000000000e+00
3549;0;1;7.1750000000000003e-01;1.5750000000000003e-01;0.0000000000000000e+00
3550;0;1;7.4250000000000005e-01;1.5750000000000003e-01;0.0000000000000000e+00
3551;0;1;7.6749999999999996e-01;1.5750000000000003e-01;0.0000000000000000e+00
3552;0;1;7.9249999999999998e-01;1.5750000000000003e-01;0.0000000000000000e+00
3553;0;1;8.1750000000000000e-01;1.5750000000000003e-01;0.0000000000000000e+00
3554;0;1;8.4250000000000003e-01;1.5750000000000003e-01;0.0000000000000000e+00
3555;0;1;8.6750000000000005e-01;1.5750000000000003e-01;0.0000000000000000e+00
3556;0;1;8.9249999999999996e-01;1.5750000000000003e-01;0.0000000000000000e+00
3557;0;1;9.1749999999999998e-01;1.5750000000000003e-01;0.0000000000000000e+00
3558;0;1;9.4250000000000000e-01;1.5750000000000003e-01;0.0000000000000000e+00
3559;0;1;9.6750000000000003e-01;1.5750000000000003e-01;0.0000000000000000e+00
3560;0;1;9.9250000000000005e-01;1.5750000000000003e-01;0.0000000000000000e+00
3561;0;1;1.7499999999999998e-02;1.8250000000000002e-01;0.0000000000000000e+00
3562;0;1;4.2499999999999996e-02;1.8250000000000002e-01;0.0000000000000000e+00
3563;0;1;6.7500000000000004e-02;1.8250000000000002e-01;0.0000000000000000e+00
3564;0;1;9.2500000000000013e-02;1.8250000000000002e-01;0.0000000000000000e+00
3565;0;1;1.1750000000000001e-01;1.8250000000000002e-01;0.0000000000000000e+00
3566;0;1;1.4249999999999999e-01;1.8250000000000002e-01;0.0000000000000000e+00
3567;0;1;1.6750000000000001e-01;1.8250000000000002e-01;0.0000000000000000e+00
3568;0;1;1.9250000000000000e-01;1.8250000000000002e-01;0.0000000000000000e+00
3569;0;1;2.1750000000000000e-01;1.8250000000000002e-01;0.0000000000000000e+00
3570;0;1;2.4249999999999999e-01;1.8250000000000002e-01;0.0000000000000000e+00
3571;0;1;2.6750000000000002e-01;1.8250000000000002e-01;0.0000000000000000e+00
3572;0;1;2.9250000000000004e-01;1.8250000000000002e-01;0.0000000000000000e+00
3573;0;1;3.1750000000000006e-01;1.8250000000000002e-01;0.0000000000000000e+00
3574;0;1;3.4250000000000003e-01;1.8250000000000002e-01;0.0000000000000000e+00
3575;0;1;3.6750000000000005e-01;1.8250000000000002e-01;0.0000000000000000e+00
3576;0;1;3.9250000000000002e-01;1.8250000000000002e-01;0.0000000000000000e+00
3577;0;1;4.1750000000000004e-01;1.8250000000000002e-01;0.0000000000000000e+00
3578;0;1;4.4250000000000006e-01;1.8250000000000002e-01;0.0000000000000000e+00
3579;0;1;4.6750000000000003e-01;1.8250000000000002e-01;0.0000000000000000e+00
3580;0;1;4.9250000000000005e-01;1.8250000000000002e-01;0.0000000000000000e+00
3581;0;1;5.1749999999999996e-01;1.8250000000000002e-01;0.0000000000000000e+00
3582;0;1;5.4249999999999998e-01;1.8250000000000002e-01;0.0000000000000000e+00
3583;0;1;5.6750000000000000e-01;1.8250000000000002e-01;0.0000000000000000e+00
3584;0;1;5.9250000000000003e-01;1.8250000000000002e-01;0.0000000000000000e+00
3585;0;1;6.1750000000000005e-01;1.8250000000000002e-01;0.0000000000000000e+00
3586;0;1;6.4249999999999996e-01;1.8250000000000002e-01;0.0000000000000000e+00
3587;0;1;6.6749999999999998e-01;1.8250000000000002e-01;0.0000000000000000e+00
3588;0;1;6.9250000000000000e-01;1.8250000000000002e-01;0.0000000000000000e+00
3589;0;1;7.1750000000000003e-01;1.8250000000000002e-01;0.0000000000000000e+00
3590;0;1;7.4250000000000005e-01;1.8250000000000002e-01;0.0000000000000000e+00
3591;0;1;7.6749999999999996e-01;1.8250000000000002e-01;0.0000000000000000e+00
3592;0;1;7.9249999999999998e-01;1.8250000000000002e-01;0.0000000000000000e+00
3593;0;1;8.1750000000000000e-01;1.8250000000000002e-01;0.0000000000000000e+00
3594;0;1;8.4250000000000003e-01;1.8250000000000002e-01;0.0000000000000000e+00
3595;0;1;8.6750000000000005e-01;1.8250000000000002e-01;0.0000000000000000e+00
3596;0;1;8.9249999999999996e-01;1.8250000000000002e-01;0.0000000000000000e+00
3597;0;1;9.1749999999999998e-01;1.8250000000000002e-01;0.0000000000000000e+00
3598;0;1;9.4250000000000000e-01;1.8250000000000002e-01;0.0000000000000000e+00
3599;0;1;9.6750000000000003e-01;1.8250000000000002e-01;0.0000000000000000e+00
3600;0;1;9.9250000000000005e-01;1.8250000000000002e-01;0.0000000000000000e+00
3601;0;1;1.7499999999999998e-02;2.0750000000000002e-01;0.0000000000000000e+00
3602;0;1;4.2499999999999996e-02;2.0750000000000002e-01;0.0000000000000000e+00
3603;0;1;6.7500000000000004e-02;2.0750000000000002e-01;0.0000000000000000e+00
3604;0;1;9.2500000000000013e-02;2.0750000000000002e-01;0.0000000000000000e+00
3605;0;1;1.1750000000000001e-01;2.0750000000000002e-01;0.0000000000000000e+00
3606;0;1;1.4249999999999999e-01;2.0750000000000002e-01;0.0000000000000000e+00
3607;0;1;1.6750000000000001e-01;2.0750000000000002e-01;0.0000000000000000e+00
3608;0;1;1.9250000000000000e-01;2.0750000000000002e-01;0.0000000000000000e+00
3609;0;1;2.1750000000000000e-01;2.0750000000000002e-01;0.0000000000000000e+00
3610;0;1;2.4249999999999999e-01;2.0750000000000002e-01;0.0000000000000000e+00
3611;0;1;2.6750000000000002e-01;2.0750000000000002e-01;0.0000000000000000e+00
3612;0;1;2.9250000000000004e-01;2.0750000000000002e-01;0.0000000000000000e+00
3613;0;1;3.1750000000000006e-01;2.0750000000000002e-01;0.0000000000000000e+00
3614;0;1;3.4250000000000003e-01;2.0750000000000002e-01;0.0000000000000000e+00
3615;0;1;3.6750000000000005e-01;2.0750000000000002e-01;0.0000000000000000e+00
3616;0;1;3.9250000000000002e-01;2.0750000000000002e-01;0.0000000000000000e+00
3617;0;1;4.1750000000000004e-01;2.0750000000000002e-01;0.0000000000000000e+00
3618;0;1;4.4250000000000006e-01;2.0750000000000002e-01;0.0000000000000000e+00
3619;0;1;4.6750000000000003e-01;2.0750000000000002e-01;0.0000000000000000e+00
3620;0;1;4.9250000000000005e-01;2.0750000000000002e-01;0.0000000000000000e+00
3621;0;1;5.1749999999999996e-01;2.0750000000000002e-01;0.0000000000000000e+00
3622;0;1;5.4249999999999998e-01;2.0750000000000002e-01;0.0000000000000000e+00
3623;0;1;5.6750000000000000e-01;2.0750000000000002e-01;0.0000000000000000e+00
3624;0;1;5.9250000000000003e-01;2.0750000000000002e-01;0.0000000000000000e+00
3625;0;1;6.1750000000000005e-01;2.0750000000000002e-01;0.0000000000000000e+00
3626;0;1;6.4249999999999996e-01;2.0750000000000002e-01;0.0000000000000000e+00
3627;0;1;6.6749999999999998e-01;2.0750000000000002e-01;0.0000000000000000e+00
3628;0;1;6.9250000000000000e-01;2.0750000000000002e-01;0.0000000000000000e+00
3629;0;1;7.1750000000000003e-01;2.0750000000000002e-01;0.0000000000000000e+00
3630;0;1;7.4250000000000005e-01;2.0750000000000002e-01;0.0000000000000000e+00
3631;0;1;7.6749999999999996e-01;2.0750000000000002e-01;0.0000000000000000e+00
3632;0;1;7.9249999999999998e-01;2.0750000000000002e-01;0.0000000000000000e+00
3633;0;1;8.1750000000000000e-01;2.0750000000000002e-01;0.0000000000000000e+00
3634;0;1;8.4250000000000003e-01;2.0750000000000002e-01;0.0000000000000000e+00
3635;0;1;8.6750000000000005e-01;2.0750000000000002e-01;0.0000000000000000e+00
3636;0;1;8.9249999999999996e-01;2.0750000000000002e-01;0.0000000000000000e+00
3637;0;1;9.1749999999999998e-01;2.0750000000000002e-01;0.0000000000000000e+00
3638;0;1;9.4250000000000000e-01;2.0750000000000002e-01;0.0000000000000000e+00
3639;0;1;9.6750000000000003e-01;2.0750000000000002e-01;0.0000000000000000e+00
3640;0;1;9.9250000000000005e-01;2.0750000000000002e-01;0.0000000000000000e+00
3641;0;1;1.7499999999999998e-02;2.3250000000000001e-01;0.0000000000000000e+00
3642;0;1;4.2499999999999996e-02;2.3250000000000001e-01;0.0000000000000000e+00
3643;0;1;6.7500000000000004e-02;2.3250000000000001e-01;0.0000000000000000e+00
3644;0;1;9.2500000000000013e-02;2.3250000000000001e-01;0.0000000000000000e+00
3645;0;1;1.1750000000000001e-01;2.3250000000000001e-01;0.0000000000000000e+00
3646;0;1;1.4249999999999999e-01;2.3250000000000001e-01;0.0000000000000000e+00
3647;0;1;1.6750000000000001e-01;2.3250000000000001e-01;0.0000000000000000e+00
3648;0;1;1.9250000000000000e-01;2.3250000000000001e-01;0.0000000000000000e+00
3649;0;1;2.1750000000000000e-01;2.3250000000000001e-01;0.0000000000000000e+00
3650;0;1;2.4249999999999999e-01;2.3250000000000001e-01;0.0000000000000000e+00
3651;0;1;2.6750000000000002e-01;2.3250000000000001e-01;0.0000000000000000e+00
3652;0;1;2.9250000000000004e-01;2.3250000000000001e-01;0.0000000000000000e+00
3653;0;1;3.1750000000000006e-01;2.3250000000000001e-01;0.0000000000000000e+00
3654;0;1;3.4250000000000003e-01;2.3250000000000001e-01;0.0000000000000000e+00
3655;0;1;3.6750000000000005e-01;2.3250000000000001e-01;0.0000000000000000e+00
3656;0;1;3.9250000000000002e-01;2.3250000000000001e-01;0.0000000000000000e+00
3657;0;1;4.1750000000000004e-01;2.3250000000000001e-01;0.0000000000000000e+00
3658;0;1;4.4250000000000006e-01;2.3250000000000001e-01;0.0000000000000000e+00
3659;0;1;4.6750000000000003e-01;2.3250000000000001e-01;0.0000000000000000e+00
3660;0;1;4.9250000000000005e-01;2.3250000000000001e-01;0.0000000000000000e+00
3661;0;1;5.1749999999999996e-01;2.3250000000000001e-01;0.0000000000000000e+00
3662;0;1;5.4249999999999998e-01;2.3250000000000001e-01;0.0000000000000000e+00
3663;0;1;5.6750000000000000e-01;2.3250000000000001e-01;0.0000000000000000e+00
3664;0;1;5.9250000000000003e-01;2.3250000000000001e-01;0.0000000000000000e+00
3665;0;1;6.1750000000000005e-01;2.3250000000000001e-01;0.0000000000000000e+00
3666;0;1;6.4249999999999996e-01;2.3250000000000001e-01;0.0000000000000000e+00
3667;0;1;6.6749999999999998e-01;2.3250000000000001e-01;0.0000000000000000e+00
3668;0;1;6.9250000000000000e-01;2.3250000000000001e-01;0.0000000000000000e+00
3669;0;1;7.1750000000000003e-01;2.3250000000000001e-01;0.0000000000000000e+00
3670;0;1;7.4250000000000005e-01;2.3250000000000001e-01;0.0000000000000000e+00
3671;0;1;7.6749999999999996e-01;2.3250000000000001e-01;0.0000000000000000e+00
3672;0;1;7.9249999999999998e-01;2.3250000000000001e-01;0.0000000000000000e+00
3673;0;1;8.1750000000000000e-01;2.3250000000000001e-01;0.0000000000000000e+00
3674;0;1;8.4250000000000003e-01;2.3250000000000001e-01;0.0000000000000000e+00
3675;0;1;8.6750000000000005e-01;2.3250000000000001e-01;0.0000000000000000e+00
3676;0;1;8.9249999999999996e-01;2.3250000000000001e-01;0.0000000000000000e+00
3677;0;1;9.1749999999999998e-01;2.3250000000000001e-01;0.0000000000000000e+00
3678;0;1;9.4250000000000000e-01;2.3250000000000001e-01;0.0000000000000000e+00
3679;0;1;9.6750000000000003e-01;2.3250000000000001e-01;0.0000000000000000e+00
3680;0;1;9.9250000000000005e-01;2.3250000000000001e-01;0.0000000000000000e+00
3681;0;1;1.7499999999999998e-02;2.5750000000000001e-01;0.0000000000000000e+00
3682;0;1;4.2499999999999996e-02;2.5750000000000001e-01;0.0000000000000000e+00
3683;0;1;6.7500000000000004e-02;2.5750000000000001e-01;0.0000000000000000e+00
3684;0;1;9.2500000000000013e-02;2.5750000000000001e-01;0.0000000000000000e+00
3685;0;1;1.1750000000000001e-01;2.5750000000000001e-01;0.0000000000000000e+00
3686;0;1;1.4249999999999999e-01;2.5750000000000001e-01;0.0000000000000000e+00
3687;0;1;1.6750000000000001e-01;2.5750000000000001e-01;0.0000000000000000e+00
3688;0;1;1.9250000000000000e-01;2.5750000000000001e-01;0.0000000000000000e+00
3689;0;1;2.1750000000000000e-01;2.5750000000000001e-01;0.0000000000000000e+00
3690;0;1;2.4249999999999999e-01;2.5750000000000001e-01;0.0000000000000000e+00
3691;0;1;2.6750000000000002e-01;2.5750000000000001e-01;0.0000000000000000e+00
3692;0;1;2.9250000000000004e-01;2.5750000000000001e-01;0.0000000000000000e+00
3693;0;1;3.1750000000000006e-01;2.5750000000000001e-01;0.0000000000000000e+00
3694;0;1;3.4250000000000003e-01;2.5750000000000001e-01;0.0000000000000000e+00
3695;0;1;3.6750000000000005e-01;2.5750000000000001e-01;0.0000000000000000e+00
3696;0;1;3.9250000000000002e-01;2.5750000000000001e-01;0.0000000000000000e+00
3697;0;1;4.1750000000000004e-01;2.5750000000000001e-01;0.0000000000000000e+00
3698;0;1;4.4250000000000006e-01;2.5750000000000001e-01;0.0000000000000000e+00
3699;0;1;4.6750000000000003e-01;2.5750000000000001e-01;0.0000000000000000e+00
3700;0;1;4.9250000000000005e-01;2.5750000000000001e-01;0.0000000000000000e+00
3701;0;1;5.1749999999999996e-01;2.5750000000000001e-01;0.0000000000000000e+00
3702;0;1;5.4249999999999998e-01;2.5750000000000001e-01;0.0000000000000000e+00
3703;0;1;5.6750000000000000e-01;2.5750000000000001e-01;0.0000000000000000e+00
3704;0;1;5.9250000000000003e-01;2.5750000000000001e-01;0.0000000000000000e+00
3705;0;1;6.1750000000000005e-01;2.5750000000000001e-01;0.0000000000000000e+00
3706;0;1;6.4249999999999996e-01;2.5750000000000001e-01;0.0000000000000000e+00
3707;0;1;6.6749999999999998e-01;2.5750000000000001e-01;0.0000000000000000e+00
3708;0;1;6.9250000000000000e-01;2.5750000000000001e-01;0.0000000000000000e+00
3709;0;1;7.1750000000000003e-01;2.5750000000000001e-01;0.0000000000000000e+00
3710;0;1;7.4250000000000005e-01;2.5750000000000001e-01;0.0000000000000000e+00
3711;0;1;7.6749999999999996e-01;2.5750000000000001e-01;0.0000000000000000e+00
3712;0;1;7.9249999999999998e-01;2.5750000000000001e-01;0.0000000000000000e+00
3713;0;1;8.1750000000000000e-01;2.5750000000000001e-01;0.0000000000000000e+00
3714;0;1;8.4250000000000003e-01;2.5750000000000001e-01;0.0000000000000000e+00
3715;0;1;8.6750000000000005e-01;2.5750000000000001e-01;0.0000000000000000e+00
3716;0;1;8.9249999999999996e-01;2.5750000000000001e-01;0.0000000000000000e+00
3717;0;1;9.1749999999999998e-01;2.5750000000000001e-01;0.0000000000000000e+00
3718;0;1;9.4250000000000000e-01;2.5750000000000001e-01;0.0000000000000000e+00
3719;0;1;9.6750000000000003e-01;2.5750000000000001e-01;0.0000000000000000e+00
3720;0;1;9.9250000000000005e-01;2.5750000000000001e-01;0.0000000000000000e+00
3721;0;1;1.7499999999999998e-02;2.8250000000000003e-01;0.0000000000000000e+00
3722;0;1;4.2499999999999996e-02;2.8250000000000003e-01;0.0000000000000000e+00
3723;0;1;6.7500000000000004e-02;2.8250000000000003e-01;0.0000000000000000e+00
3724;0;1;9.2500000000000013e-02;2.8250000000000003e-01;0.0000000000000000e+00
3725;0;1;1.1750000000000001e-01;2.8250000000000003e-01;0.0000000000000000e+00
3726;0;1;1.4249999999999999e-01;2.8250000000000003e-01;0.0000000000000000e+00
3727;0;1;1.6750000000000001e-01;2.8250000000000003e-01;0.0000000000000000e+00
3728;0;1;1.9250000000000000e-01;2.8250000000000003e-01;0.0000000000000000e+00
3729;0;1;2.1750000000000000e-01;2.8250000000000003e-01;0.0000000000000000e+00
3730;0;1;2.4249999999999999e-01;2.8250000000000003e-01;0.0000000000000000e+00
3731;0;1;2.6750000000000002e-01;2.8250000000000003e-01;0.0000000000000000e+00
3732;0;1;2.9250000000000004e-01;2.8250000000000003e-01;0.0000000000000000e+00
3733;0;1;3.1750000000000006e-01;2.8250000000000003e-01;0.0000000000000000e+00
3734;0;1;3.4250000000000003e-01;2.8250000000000003e-01;0.0000000000000000e+00
3735;0;1;3.6750000000000005e-01;2.8250000000000003e-01;0.0000000000000000e+00
3736;0;1;3.9250000000000002e-01;2.8250000000000003e-01;0.0000000000000000e+00
3737;0;1;4.1750000000000004e-01;2.8250000000000003e-01;0.0000000000000000e+00
3738;0;1;4.4250000000000006e-01;2.8250000000000003e-01;0.0000000000000000e+00
3739;0;1;4.6750000000000003e-01;2.8250000000000003e-01;0.0000000000000000e+00
3740;0;1;4.9250000000000005e-01;2.8250000000000003e-01;0.0000000000000000e+00
3741;0;1;5.1749999999999996e-01;2.8250000000000003e-01;0.0000000000000000e+00
3742;0;1;5.4249999999999998e-01;2.8250000000000003e-01;0.0000000000000000e+00
3743;0;1;5.6750000000000000e-01;2.8250000000000003e-01;0.0000000000000000e+00
3744;0;1;5.9250000000000003e-01;2.8250000000000003e-01;0.0000000000000000e+00
3745;0;1;6.1750000000000005e-01;2.8250000000000003e-01;0.0000000000000000e+00
3746;0;1;6.4249999999999996e-01;2.8250000000000003e-01;0.0000000000000000e+00
3747;0;1;6.6749999999999998e-01;2.8250000000000003e-01;0.0000000000000000e+00
3748;0;1;6.9250000000000000e-01;2.8250000000000003e-01;0.0000000000000000e+00
3749;0;1;7.1750000000000003e-01;2.8250000000000003e-01;0.0000000000000000e+00
3750;0;1;7.4250000000000005e-01;2.8250000000000003e-01;0.0000000000000000e+00
3751;0;1;7.6749999999999996e-01;2.8250000000000003e-01;0.0000000000000000e+00
3752;0;1;7.9249999999999998e-01;2.8250000000000003e-01;0.0000000000000000e+00
3753;0;1;8.1750000000000000e-01;2.8250000000000003e-01;0.0000000000000000e+00
3754;0;1;8.4250000000000003e-01;2.8250000000000003e-01;0.0000000000000000e+00
3755;0;1;8.6750000000000005e-01;2.8250000000000003e-01;0.0000000000000000e+00
3756;0;1;8.9249999999999996e-01;2.8250000000000003e-01;0.0000000000000000e+00
3757;0;1;9.1749999999999998e-01;2.8250000000000003e-01;0.0000000000000000e+00
3758;0;1;9.4250000000000000e-01;2.8250000000000003e-01;0.0000000000000000e+00
3759;0;1;9.6750000000000003e-01;2.8250000000000003e-01;0.0000000000000000e+00
3760;0;1;9.9250000000000005e-01;2.8250000000000003e-01;0.0000000000000000e+00
3761;0;1;1.7499999999999998e-02;3.0750000000000005e-01;0.0000000000000000e+00
3762;0;1;4.2499999999999996e-02;3.0750000000000005e-01;0.0000000000000000e+00
3763;0;1;6.7500000000000004e-02;3.0750000000000005e-01;0.0000000000000000e+00
3764;0;1;9.2500000000000013e-02;3.0750000000000005e-01;0.0000000000000000e+00
3765;0;1;1.1750000000000001e-01;3.0750000000000005e-01;0.0000000000000000e+00
3766;0;1;1.4249999999999999e-01;3.0750000000000005e-01;0.0000000000000000e+00
3767;0;1;1.6750000000000001e-01;3.0750000000000005e-01;0.0000000000000000e+00
3768;0;1;1.9250000000000000e-01;3.0750000000000005e-01;0.0000000000000000e+00
3769;0;1;2.1750000000000000e-01;3.0750000000000005e-01;0.0000000000000000e+00
3770;0;1;2.4249999999999999e-01;3.0750000000000005e-01;0.0000000000000000e+00
3771;0;1;2.6750000000000002e-01;3.0750000000000005e-01;0.0000000000000000e+00
3772;0;1;2.9250000000000004e-01;3.0750000000000005e-01;0.0000000000000000e+00
3773;0;1;3.1750000000000006e-01;3.0750000000000005e-01;0.0000000000000000e+00
3774;0;1;3.4250000000000003e-01;3.0750000000000005e-01;0.0000000000000000e+00
3775;0;1;3.6750000000000005e-01;3.0750000000000005e-01;0.0000000000000000e+00
3776;0;1;3.9250000000000002e-01;3.0750000000000005e-01;0.0000000000000000e+00
3777;0;1;4.1750000000000004e-01;3.0750000000000005e-01;0.0000000000000000e+00
3778;0;1;4.4250000000000006e-01;3.0750000000000005e-01;0.0000000000000000e+00
3779;0;1;4.6750000000000003e-01;3.0750000000000005e-01;0.0000000000000000e+00
3780;0;1;4.9250000000000005e-01;3.0750000000000005e-01;0.0000000000000000e+00
3781;0;1;5.1749999999999996e-01;3.0750000000000005e-01;0.0000000000000000e+00
3782;0;1;5.4249999999999998e-01;3.0750000000000005e-01;0.0000000000000000e+00
3783;0;1;5.6750000000000000e-01;3.0750000000000005e-01;0.0000000000000000e+00
3784;0;1;5.9250000000000003e-01;3.0750000000000005e-01;0.0000000000000000e+00
3785;0;1;6.1750000000000005e-01;3.0750000000000005e-01;0.0000000000000000e+00
3786;0;1;6.4249999999999996e-01;3.0750000000000005e-01;0.0000000000000000e+00
3787;0;1;6.6749999999999998e-01;3.0750000000000005e-01;0.0000000000000000e+00
3788;0;1;6.9250000000000000e-01;3.0750000000000005e-01;0.0000000000000000e+00
3789;0;1;7.1750000000000003e-01;3.0750000000000005e-01;0.0000000000000000e+00
3790;0;1;7.4250000000000005e-01;3.0750000000000005e-01;0.0000000000000000e+00
3791;0;1;7.6749999999999996e-01;3.0750000000000005e-01;0.0000000000000000e+00
3792;0;1;7.9249999999999998e-01;3.0750000000000005e-01;0.0000000000000000e+00
3793;0;1;8.1750000000000000e-01;3.0750000000000005e-01;0.0000000000000000e+00
3794;0;1;8.4250000000000003e-01;3.0750000000000005e-01;0.0000000000000000e+00
3795;0;1;8.6750000000000005e-01;3.0750000000000005e-01;0.0000000000000000e+00
3796;0;1;8.9249999999999996e-01;3.0750000000000005e-01;0.0000000000000000e+00
3797;0;1;9.1749999999999998e-01;3.0750000000000005e-01;0.0000000000000000e+00
3798;0;1;9.4250000000000000e-01;3.0750000000000005e-01;0.0000000000000000e+00
3799;0;1;9.6750000000000003e-01;3.0750000000000005e-01;0.0000000000000000e+00
3800;0;1;9.9250000000000005e-01;3.0750000000000005e-01;0.0000000000000000e+00
3801;0;1;1.7499999999999998e-02;3.3250000000000002e-01;0.0000000000000000e+00
3802;0;1;4.2499999999999996e-02;3.3250000000000002e-01;0.0000000000000000e+00
3803;0;1;6.7500000000000004e-02;3.3250000000000002e-01;0.0000000000000000e+00
3804;0;1;9.2500000000000013e-02;3.3250000000000002e-01;0.0000000000000000e+00
3805;0;1;1.1750000000000001e-01;3.3250000000000002e-01;0.0000000000000000e+00
3806;0;1;1.4249999999999999e-01;3.3250000000000002e-01;0.0000000000000000e+00
3807;0;1;1.6750000000000001e-01;3.3250000000000002e-01;0.0000000000000000e+00
3808;0;1;1.9250000000000000e-01;3.3250000000000002e-01;0.0000000000000000e+00
3809;0;1;2.1750000000000000e-01;3.3250000000000002e-01;0.0000000000000000e+00
3810;0;1;2.4249999999999999e-01;3.3250000000000002e-01;0.0000000000000000e+00
3811;0;1;2.6750000000000002e-01;3.3250000000000002e-01;0.0000000000000000e+00
3812;0;1;2.9250000000000004e-01;3.3250000000000002e-01;0.0000000000000000e+00
3813;0;1;3.1750000000000006e-01;3.3250000000000002e-01;0.0000000000000000e+00
3814;0;1;3.4250000000000003e-01;3.3250000000000002e-01;0.0000000000000000e+00
3815;0;1;3.6750000000000005e-01;3.3250000000000002e-01;0.0000000000000000e+00
3816;0;1;3.9250000000000002e-01;3.3250000000000002e-01;0.0000000000000000e+00
3817;0;1;4.1750000000000004e-01;3.3250000000000002e-01;0.0000000000000000e+00
3818;0;1;4.4250000000000006e-01;3.3250000000000002e-01;0.0000000000000000e+00
3819;0;1;4.6750000000000003e-01;3.3250000000000002e-01;0.0000000000000000e+00
3820;0;1;4.9250000000000005e-01;3.3250000000000002e-01;0.0000000000000000e+00
3821;0;1;5.1749999999999996e-01;3.3250000000000002e-01;0.0000000000000000e+00
3822;0;1;5.4249999999999998e-01;3.3250000000000002e-01;0.0000000000000000e+00
3823;0;1;5.6750000000000000e-01;3.3250000000000002e-01;0.0000000000000000e+00
3824;0;1;5.9250000000000003e-01;3.3250000000000002e-01;0.0000000000000000e+00
3825;0;1;6.1750000000000005e-01;3.3250000000000002e-01;0.0000000000000000e+00
3826;0;1;6.4249999999999996e-01;3.3250000000000002e-01;0.0000000000000000e+00
3827;0;1;6.6749999999999998e-01;3.3250000000000002e-01;0.0000000000000000e+00
3828;0;1;6.9250000000000000e-01;3.3250000000000002e-01;0.0000000000000000e+00
3829;0;1;7.1750000000000003e-01;3.3250000000000002e-01;0.0000000000000000e+00
3830;0;1;7.4250000000000005e-01;3.3250000000000002e-01;0.0000000000000000e+00
3831;0;1;7.6749999999999996e-01;3.3250000000000002e-01;0.0000000000000000e+00
3832;0;1;7.9249999999999998e-01;3.3250000000000002e-01;0.0000000000000000e+00
3833;0;1;8.1750000000000000e-01;3.3250000000000002e-01;0.0000000000000000e+00
3834;0;1;8.4250000000000003e-01;3.3250000000000002e-01;0.0000000000000000e+00
3835;0;1;8.6750000000000005e-01;3.3250000000000002e-01;0.0000000000000000e+00
3836;0;1;8.9249999999999996e-01;3.3250000000000002e-01;0.0000000000000000e+00
3837;0;1;9.1749999999999998e-01;3.3250000000000002e-01;0.0000000000000000e+00
3838;0;1;9.4250000000000000e-01;3.3250000000000002e-01;0.0000000000000000e+00
3839;0;1;9.6750000000000003e-01;3.3250000000000002e-01;0.0000000000000000e+00
3840;0;1;9.9250000000000005e-01;3.3250000000000002e-01;0.0000000000000000e+00
3841;0;1;1.7499999999999998e-02;3.5750000000000004e-01;0.0000000000000000e+00
3842;0;1;4.2499999999999996e-02;3.5750000000000004e-01;0.0000000000000000e+00
3843;0;1;6.7500000000000004e-02;3.5750000000000004e-01;0.0000000000000000e+00
3844;0;1;9.2500000000000013e-02;3.5750000000000004e-01;0.0000000000000000e+00
3845;0;1;1.1750000000000001e-01;3.5750000000000004e-01;0.0000000000000000e+00
3846;0;1;1.4249999999999999e-01;3.5750000000000004e-01;0.0000000000000000e+00
3847;0;1;1.6750000000000001e-01;3.5750000000000004e-01;0.0000000000000000e+00
3848;0;1;1.9250000000000000e-01;3.5750000000000004e-01;0.0000000000000000e+00
3849;0;1;2.1750000000000000e-01;3.5750000000000004e-01;0.0000000000000000e+00
3850;0;1;2.4249999999999999e-01;3.5750000000000004e-01;0.0000000000000000e+00
3851;0;1;2.6750000000000002e-01;3.5750000000000004e-01;0.0000000000000000e+00
3852;0;1;2.9250000000000004e-01;3.5750000000000004e-01;0.0000000000000000e+00
3853;0;1;3.1750000000000006e-01;3.5750000000000004e-01;0.0000000000000000e+00
3854;0;1;3.4250000000000003e-01;3.5750000000000004e-01;0.0000000000000000e+00
3855;0;1;3.6750000000000005e-01;3.5750000000000004e-01;0.0000000000000000e+00
3856;0;1;3.9250000000000002e-01;3.5750000000000004e-01;0.0000000000000000e+00
3857;0;1;4.1750000000000004e-01;3.5750000000000004e-01;0.0000000000000000e+00
3858;0;1;4.4250000000000006e-01;3.5750000000000004e-01;0.0000000000000000e+00
3859;0;1;4.6750000000000003e-01;3.5750000000000004e-01;0.0000000000000000e+00
3860;0;1;4.9250000000000005e-01;3.5750000000000004e-01;0.0000000000000000e+00
3861;0;1;5.1749999999999996e-01;3.5750000000000004e-01;0.0000000000000000e+00
3862;0;1;5.4249999999999998e-01;3.5750000000000004e-01;0.0000000000000000e+00
3863;0;1;5.6750000000000000e-01;3.5750000000000004e-01;0.0000000000000000e+00
3864;0;1;5.9250000000000003e-01;3.5750000000000004e-01;0.0000000000000000e+00
3865;0;1;6.1750000000000005e-01;3.5750000000000004e-01;0.0000000000000000e+00
3866;0;1;6.4249999999999996e-01;3.5750000000000004e-01;0.0000000000000000e+00
3867;0;1;6.6749999999999998e-01;3.5750000000000004e-01;0.0000000000000000e+00
3868;0;1;6.9250000000000000e-01;3.5750000000000004e-01;0.0000000000000000e+00
3869;0;1;7.1750000000000003e-01;3.5750000000000004e-01;0.0000000000000000e+00
3870;0;1;7.4250000000000005e-01;3.5750000000000004e-01;0.0000000000000000e+00
3871;0;1;7.6749999999999996e-01;3.5750000000000004e-01;0.0000000000000000e+00
3872;0;1;7.9249999999999998e-01;3.5750000000000004e-01;0.0000000000000000e+00
3873;0;1;8.1750000000000000e-01;3.5750000000000004e-01;0.0000000000000000e+00
3874;0;1;8.4250000000000003e-01;3.5750000000000004e-01;0.0000000000000000e+00
3875;0;1;8.6750000000000005e-01;3.5750000000000004e-01;0.0000000000000000e+00
3876;0;1;8.9249999999999996e-01;3.5750000000000004e-01;0.0000000000000000e+00
3877;0;1;9.1749999999999998e-01;3.5750000000000004e-01;0.0000000000000000e+00
3878;0;1;9.4250000000000000e-01;3.5750000000000004e-01;0.0000000000000000e+00
3879;0;1;9.6750000000000003e-01;3.5750000000000004e-01;0.0000000000000000e+00
3880;0;1;9.9250000000000005e-01;3.5750000000000004e-01;0.0000000000000000e+00
3881;0;1;1.7499999999999998e-02;3.8250000000000001e-01;0.0000000000000000e+00
3882;0;1;4.2499999999999996e-02;3.8250000000000001e-01;0.0000000000000000e+00
3883;0;1;6.7500000000000004e-02;3.8250000000000001e-01;0.0000000000000000e+00
3884;0;1;9.2500000000000013e-02;3.8250000000000001e-01;0.0000000000000000e+00
3885;0;1;1.1750000000000001e-01;3.8250000000000001e-01;0.0000000000000000e+00
3886;0;1;1.4249999999999999e-01;3.8250000000000001e-01;0.0000000000000000e+00
3887;0;1;1.6750000000000001e-01;3.8250000000000001e-01;0.0000000000000000e+00
3888;0;1;1.9250000000000000e-01;3.8250000000000001e-01;0.0000000000000000e+00
3889;0;1;2.1750000000000000e-01;3.8250000000000001e-01;0.0000000000000000e+00
3890;0;1;2.4249999999999999e-01;3.8250000000000001e-01;0.0000000000000000e+00
3891;0;1;2.6750000000000002e-01;3.8250000000000001e-01;0.0000000000000000e+00
3892;0;1;2.9250000000000004e-01;3.8250000000000001e-01;0.0000000000000000e+00
3893;0;1;3.1750000000000006e-01;3.8250000000000001e-01;0.0000000000000000e+00
3894;0;1;3.4250000000000003e-01;3.8250000000000001e-01;0.0000000000000000e+00
3895;0;1;3.6750000000000005e-01;3.8250000000000001e-01;0.0000000000000000e+00
3896;0;1;3.9250000000000002e-01;3.8250000000000001e-01;0.0000000000000000e+00
3897;0;1;4.1750000000000004e-01;3.8250000000000001e-01;0.0000000000000000e+00
3898;0;1;4.4250000000000006e-01;3.8250000000000001e-01;0.0000000000000000e+00
3899;0;1;4.6750000000000003e-01;3.8250000000000001e-01;0.0000000000000000e+00
3900;0;1;4.9250000000000005e-01;3.8250000000000001e-01;0.0000000000000000e+00
3901;0;1;5.1749999999999996e-01;3.8250000000000001e-01;0.0000000000000000e+00
3902;0;1;5.4249999999999998e-01;3.8250000000000001e-01;0.0000000000000000e+00
3903;0;1;5.6750000000000000e-01;3.8250000000000001e-01;0.0000000000000000e+00
3904;0;1;5.9250000000000003e-01;3.8250000000000001e-01;0.0000000000000000e+00
3905;0;1;6.1750000000000005e-01;3.8250000000000001e-01;0.0000000000000000e+00
3906;0;1;6.4249999999999996e-01;3.8250000000000001e-01;0.0000000000000000e+00
3907;0;1;6.6749999999999998e-01;3.8250000000000001e-01;0.0000000000000000e+00
3908;0;1;6.9250000000000000e-01;3.8250000000000001e-01;0.0000000000000000e+00
3909;0;1;7.1750000000000003e-01;3.8250000000000001e-01;0.0000000000000000e+00
3910;0;1;7.4250000000000005e-01;3.8250000000000001e-01;0.0000000000000000e+00
3911;0;1;7.6749999999999996e-01;3.8250000000000001e-01;0.0000000000000000e+00
3912;0;1;7.9249999999999998e-01;3.8250000000000001e-01;0.0000000000000000e+00
3913;0;1;8.1750000000000000e-01;3.8250000000000001e-01;0.0000000000000000e+00
3914;0;1;8.4250000000000003e-01;3.8250000000000001e-01;0.0000000000000000e+00
3915;0;1;8.6750000000000005e-01;3.8250000000000001e-01;0.0000000000000000e+00
3916;0;1;8.9249999999999996e-01;3.8250000000000001e-01;0.0000000000000000e+00
3917;0;1;9.1749999999999998e-01;3.8250000000000001e-01;0.0000000000000000e+00
3918;0;1;9.4250000000000000e-01;3.8250000000000001e-01;0.0000000000000000e+00
3919;0;1;9.6750000000000003e-01;3.8250000000000001e-01;0.0000000000000000e+00
3920;0;1;9.9250000000000005e-01;3.8250000000000001e-01;0.0000000000000000e+00
3921;0;1;1.7499999999999998e-02;4.0750000000000003e-01;0.0000000000000000e+00
3922;0;1;4.2499999999999996e-02;4.0750000000000003e-01;0.0000000000000000e+00
3923;0;1;6.7500000000000004e-02;4.0750000000000003e-01;0.0000000000000000e+00
3924;0;1;9.2500000000000013e-02;4.0750000000000003e-01;0.0000000000000000e+00
3925;0;1;1.1750000000000001e-01;4.0750000000000003e-01;0.0000000000000000e+00
3926;0;1;1.4249999999999999e-01;4.0750000000000003e-01;0.0000000000000000e+00
3927;0;1;1.6750000000000001e-01;4.0750000000000003e-01;0.0000000000000000e+00
3928;0;1;1.9250000000000000e-01;4.0750000000000003e-01;0.0000000000000000e+00
3929;0;1;2.1750000000000000e-01;4.0750000000000003e-01;0.0000000000000000e+00
3930;0;1;2.4249999999999999e-01;4.0750000000000003e-01;0.0000000000000000e+00
3931;0;1;2.6750000000000002e-01;4.0750000000000003e-01;0.0000000000000000e+00
3932;0;1;2.9250000000000004e-01;4.0750000000000003e-01;0.0000000000000000e+00
3933;0;1;3.1750000000000006e-01;4.0750000000000003e-01;0.0000000000000000e+00
3934;0;1;3.4250000000000003e-01;4.0750000000000003e-01;0.0000000000000000e+00
3935;0;1;3.6750000000000005e-01;4.0750000000000003e-01;0.0000000000000000e+00
3936;0;1;3.9250000000000002e-01;4.0750000000000003e-01;0.0000000000000000e+00
3937;0;1;4.1750000000000004e-01;4.0750000000000003e-01;0.0000000000000000e+00
3938;0;1;4.4250000000000006e-01;4.0750000000000003e-01;0.0000000000000000e+00
3939;0;1;4.6750000000000003e-01;4.0750000000000003e-01;0.0000000000000000e+00
3940;0;1;4.9250000000000005e-01;4.0750000000000003e-01;0.0000000000000000e+00
3941;0;1;5.1749999999999996e-01;4.0750000000000003e-01;0.0000000000000000e+00
3942;0;1;5.4249999999999998e-01;4.0750000000000003e-01;0.0000000000000000e+00
3943;0;1;5.6750000000000000e-01;4.0750000000000003e-01;0.0000000000000000e+00
3944;0;1;5.9250000000000003e-01;4.0750000000000003e-01;0.0000000000000000e+00
3945;0;1;6.1750000000000005e-01;4.0750000000000003e-01;0.0000000000000000e+00
3946;0;1;6.4249999999999996e-01;4.0750000000000003e-01;0.0000000000000000e+00
3947;0;1;6.6749999999999998e-01;4.0750000000000003e-01;0.0000000000000000e+00
3948;0;1;6.9250000000000000e-01;4.0750000000000003e-01;0.0000000000000000e+00
3949;0;1;7.1750000000000003e-01;4.0750000000000003e-01;0.0000000000000000e+00
3950;0;1;7.4250000000000005e-01;4.0750000000000003e-01;0.0000000000000000e+00
3951;0;1;7.6749999999999996e-01;4.0750000000000003e-01;0.0000000000000000e+00
3952;0;1;7.9249999999999998e-01;4.0750000000000003e-01;0.0000000000000000e+00
3953;0;1;8.1750000000000000e-01;4.0750000000000003e-01;0.0000000000000000e+00
3954;0;1;8.4250000000000003e-01;4.0750000000000003e-01;0.0000000000000000e+00
3955;0;1;8.6750000000000005e-01;4.0750000000000003e-01;0.0000000000000000e+00
3956;0;1;8.9249999999999996e-01;4.0750000000000003e-01;0.0000000000000000e+00
3957;0;1;9.1749999999999998e-01;4.0750000000000003e-01;0.0000000000000000e+00
3958;0;1;9.4250000000000000e-01;4.0750000000000003e-01;0.0000000000000000e+00
3959;0;1;9.6750000000000003e-01;4.0750000000000003e-01;0.0000000000000000e+00
3960;0;1;9.9250000000000005e-01;4.0750000000000003e-01;0.0000000000000000e+00
3961;0;1;1.7499999999999998e-02;4.3250000000000005e-01;0.0000000000000000e+00
3962;0;1;4.2499999999999996e-02;4.3250000000000005e-01;0.0000000000000000e+00
3963;0;1;6.7500000000000004e-02;4.3250000000000005e-01;0.0000000000000000e+00
3964;0;1;9.2500000000000013e-02;4.3250000000000005e-01;0.0000000000000000e+00
3965;0;1;1.1750000000000001e-01;4.3250000000000005e-01;0.0000000000000000e+00
3966;0;1;1.4249999999999999e-01;4.3250000000000005e-01;0.0000000000000000e+00
3967;0;1;1.6750000000000001e-01;4.3250000000000005e-01;0.0000000000000000e+00
3968;0;1;1.9250000000000000e-01;4.3250000000000005e-01;0.0000000000000000e+00
3969;0;1;2.1750000000000000e-01;4.3250000000000005e-01;0.0000000000000000e+00
3970;0;1;2.4249999999999999e-01;4.3250000000000005e-01;0.0000000000000000e+00
3971;0;1;2.6750000000000002e-01;4.3250000000000005e-01;0.0000000000000000e+00
3972;0;1;2.9250000000000004e-01;4.3250000000000005e-01;0.0000000000000000e+00
3973;0;1;3.1750000000000006e-01;4.3250000000000005e-01;0.0000000000000000e+00
3974;0;1;3.4250000000000003e-01;4.3250000000000005e-01;0.0000000000000000e+00
3975;0;1;3.6750000000000005e-01;4.3250000000000005e-01;0.0000000000000000e+00
3976;0;1;3.9250000000000002e-01;4.3250000000000005e-01;0.0000000000000000e+00
3977;0;1;4.1750000000000004e-01;4.3250000000000005e-01;0.0000000000000000e+00
3978;0;1;4.4250000000000006e-01;4.3250000000000005e-01;0.0000000000000000e+00
3979;0;1;4.6750000000000003e-01;4.3250000000000005e-01;0.0000000000000000e+00
3980;0;1;4.9250000000000005e-01;4.3250000000000005e-01;0.0000000000000000e+00
3981;0;1;5.1749999999999996e-01;4.3250000000000005e-01;0.0000000000000000e+00
3982;0;1;5.4249999999999998e-01;4.3250000000000005e-01;0.0000000000000000e+00
3983;0;1;5.6750000000000000e-01;4.3250000000000005e-01;0.0000000000000000e+00
3984;0;1;5.9250000000000003e-01;4.3250000000000005e-01;0.0000000000000000e+00
3985;0;1;6.1750000000000005e-01;4.3250000000000005e-01;0.0000000000000000e+00
3986;0;1;6.4249999999999996e-01;4.3250000000000005e-01;0.0000000000000000e+00
3987;0;1;6.6749999999999998e-01;4.3250000000000005e-01;0.0000000000000000e+00
3988;0;1;6.9250000000000000e-01;4.3250000000000005e-01;0.0000000000000000e+00
3989;0;1;7.1750000000000003e-01;4.3250000000000005e-01;0.0000000000000000e+00
3990;0;1;7.4250000000000005e-01;4.3250000000000005e-01;0.0000000000000000e+00
3991;0;1;7.6749999999999996e-01;4.3250000000000005e-01;0.0000000000000000e+00
3992;0;1;7.9249999999999998e-01;4.3250000000000005e-01;0.0000000000000000e+00
3993;0;1;8.1750000000000000e-01;4.3250000000000005e-01;0.0000000000000000e+00
3994;0;1;8.4250000000000003e-01;4.3250000000000005e-01;0.0000000000000000e+00
3995;0;1;8.6750000000000005e-01;4.3250000000000005e-01;0.0000000000000000e+00
3996;0;1;8.9249999999999996e-01;4.3250000000000005e-01;0.0000000000000000e+00
3997;0;1;9.1749999999999998e-01;4.3250000000000005e-01;0.0000000000000000e+00
3998;0;1;9.4250000000000000e-01;4.3250000000000005e-01;0.0000000000000000e+00
3999;0;1;9.6750000000000003e-01;4.3250000000000005e-01;0.0000000000000000e+00
4000;0;1;9.9250000000000005e-01;4.3250000000000005e-01;0.0000000000000000e+00
4001;0;1;1.7499999999999998e-02;4.5750000000000002e-01;0.0000000000000000e+00
4002;0;1;4.2499999999999996e-02;4.5750000000000002e-01;0.0000000000000000e+00
4003;0;1;6.7500000000000004e-02;4.5750000000000002e-01;0.0000000000000000e+00
4004;0;1;9.2500000000000013e-02;4.5750000000000002e-01;0.0000000000000000e+00
4005;0;1;1.1750000000000001e-01;4.5750000000000002e-01;0.0000000000000000e+00
4006;0;1;1.4249999999999999e-01;4.5750000000000002e-01;0.0000000000000000e+00
4007;0;1;1.6750000000000001e-01;4.5750000000000002e-01;0.0000000000000000e+00
4008;0;1;1.9250000000000000e-01;4.5750000000000002e-01;0.0000000000000000e+00
4009;0;1;2.1750000000000000e-01;4.5750000000000002e-01;0.0000000000000000e+00
4010;0;1;2.4249999999999999e-01;4.5750000000000002e-01;0.0000000000000000e+00
4011;0;1;2.6750000000000002e-01;4.5750000000000002e-01;0.0000000000000000e+00
4012;0;1;2.9250000000000004e-01;4.5750000000000002e-01;0.0000000000000000e+00
4013;0;1;3.1750000000000006e-01;4.5750000000000002e-01;0.0000000000000000e+00
4014;0;1;3.4250000000000003e-01;4.5750000000000002e-01;0.0000000000000000e+00
4015;0;1;3.6750000000000005e-01;4.5750000000000002e-01;0.0000000000000000e+00
4016;0;1;3.9250000000000002e-01;4.5750000000000002e-01;0.0000000000000000e+00
4017;0;1;4.1750000000000004e-01;4.5750000000000002e-01;0.0000000000000000e+00
4018;0;1;4.4250000000000006e-01;4.5750000000000002e-01;0.0000000000000000e+00
4019;0;1;4.6750000000000003e-01;4.5750000000000002e-01;0.0000000000000000e+00
4020;0;1;4.9250000000000005e-01;4.5750000000000002e-01;0.0000000000000000e+00
4021;0;1;5.1749999999999996e-01;4.5750000000000002e-01;0.0000000000000000e+00
4022;0;1;5.4249999999999998e-01;4.5750000000000002e-01;0.0000000000000000e+00
4023;0;1;5.6750000000000000e-01;4.5750000000000002e-01;0.0000000000000000e+00
4024;0;1;5.9250000000000003e-01;4.5750000000000002e-01;0.0000000000000000e+00
4025;0;1;6.1750000000000005e-01;4.5750000000000002e-01;0.0000000000000000e+00
4026;0;1;6.4249999999999996e-01;4.5750000000000002e-01;0.0000000000000000e+00
4027;0;1;6.6749999999999998e-01;4.5750000000000002e-01;0.0000000000000000e+00
4028;0;1;6.9250000000000000e-01;4.5750000000000002e-01;0.0000000000000000e+00
4029;0;1;7.1750000000000003e-01;4.5750000000000002e-01;0.0000000000000000e+00
4030;0;1;7.4250000000000005e-01;4.5750000000000002e-01;0.0000000000000000e+00
4031;0;1;7.6749999999999996e-01;4.5750000000000002e-01;0.0000000000000000e+00
4032;0;1;7.9249999999999998e-01;4.5750000000000002e-01;0.0000000000000000e+00
4033;0;1;8.1750000000000000e-01;4.5750000000000002e-01;0.0000000000000000e+00
4034;0;1;8.4250000000000003e-01;4.5750000000000002e-01;0.0000000000000000e+00
4035;0;1;8.6750000000000005e-01;4.5750000000000002e-01;0.0000000000000000e+00
4036;0;1;8.9249999999999996e-01;4.5750000000000002e-01;0.0000000000000000e+00
4037;0;1;9.1749999999999998e-01;4.5750000000000002e-01;0.0000000000000000e+00
4038;0;1;9.4250000000000000e-01;4.5750000000000002e-01;0.0000000000000000e+00
4039;0;1;9.6750000000000003e-01;4.5750000000000002e-01;0.0000000000000000e+00
4040;0;1;9.9250000000000005e-01;4.5750000000000002e-01;0.0000000000000000e+00
4041;0;1;1.7499999999999998e-02;4.8250000000000004e-01;0.0000000000000000e+00
4042;0;1;4.2499999999999996e-02;4.8250000000000004e-01;0.0000000000000000e+00
4043;0;1;6.7500000000000004e-02;4.8250000000000004e-01;0.0000000000000000e+00
4044;0;1;9.2500000000000013e-02;4.8250000000000004e-01;0.0000000000000000e+00
4045;0;1;1.1750000000000001e-01;4.8250000000000004e-01;0.0000000000000000e+00
4046;0;1;1.4249999999999999e-01;4.8250000000000004e-01;0.0000000000000000e+00
4047;0;1;1.6750000000000001e-01;4.8250000000000004e-01;0.0000000000000000e+00
4048;0;1;1.9250000000000000e-01;4.8250000000000004e-01;0.0000000000000000e+00
4049;0;1;2.1750000000000000e-01;4.8250000000000004e-01;0.0000000000000000e+00
4050;0;1;2.4249999999999999e-01;4.8250000000000004e-01;0.0000000000000000e+00
4051;0;1;2.6750000000000002e-01;4.8250000000000004e-01;0.0000000000000000e+00
4052;0;1;2.9250000000000004e-01;4.8250000000000004e-01;0.0000000000000000e+00
4053;0;1;3.1750000000000006e-01;4.8250000000000004e-01;0.0000000000000000e+00
4054;0;1;3.4250000000000003e-01;4.8250000000000004e-01;0.0000000000000000e+00
4055;0;1;3.6750000000000005e-01;4.8250000000000004e-01;0.0000000000000000e+00
4056;0;1;3.9250000000000002e-01;4.8250000000000004e-01;0.0000000000000000e+00
4057;0;1;4.1750000000000004e-01;4.8250000000000004e-01;0.0000000000000000e+00
4058;0;1;4.4250000000000006e-01;4.8250000000000004e-01;0.0000000000000000e+00
4059;0;1;4.6750000000000003e-01;4.8250000000000004e-01;0.0000000000000000e+00
4060;0;1;4.9250000000000005e-01;4.8250000000000004e-01;0.0000000000000000e+00
4061;0;1;5.1749999999999996e-01;4.8250000000000004e-01;0.0000000000000000e+00
4062;0;1;5.4249999999999998e-01;4.8250000000000004e-01;0.0000000000000000e+00
4063;0;1;5.6750000000000000e-01;4.8250000000000004e-01;0.0000000000000000e+00
4064;0;1;5.9250000000000003e-01;4.8250000000000004e-01;0.0000000000000000e+00
4065;0;1;6.1750000000000005e-01;4.8250000000000004e-01;0.0000000000000000e+00
4066;0;1;6.4249999999999996e-01;4.8250000000000004e-01;0.0000000000000000e+00
4067;0;1;6.6749999999999998e-01;4.8250000000000004e-01;0.0000000000000000e+00
4068;0;1;6.9250000000000000e-01;4.8250000000000004e-01;0.0000000000000000e+00
4069;0;1;7.1750000000000003e-01;4.8250000000000004e-01;0.0000000000000000e+00
4070;0;1;7.4250000000000005e-01;4.8250000000000004e-01;0.0000000000000000e+00
4071;0;1;7.6749999999999996e-01;4.8250000000000004e-01;0.0000000000000000e+00
4072;0;1;7.9249999999999998e-01;4.8250000000000004e-01;0.0000000000000000e+00
4073;0;1;8.1750000000000000e-01;4.8250000000000004e-01;0.0000000000000000e+00
4074;0;1;8.4250000000000003e-01;4.8250000000000004e-01;0.0000000000000000e+00
4075;0;1;8.6750000000000005e-01;4.8250000000000004e-01;0.0000000000000000e+00
4076;0;1;8.9249999999999996e-01;4.8250000000000004e-01;0.0000000000000000e+00
4077;0;1;9.1749999999999998e-01;4.8250000000000004e-01;0.0000000000000000e+00
4078;0;1;9.4250000000000000e-01;4.8250000000000004e-01;0.0000000000000000e+00
4079;0;1;9.6750000000000003e-01;4.8250000000000004e-01;0.0000000000000000e+00
4080;0;1;9.9250000000000005e-01;4.8250000000000004e-01;0.0000000000000000e+00
4081;0;1;1.7499999999999998e-02;5.0749999999999995e-01;0.0000000000000000e+00
4082;0;1;4.2499999999999996e-02;5.0749999999999995e-01;0.0000000000000000e+00
4083;0;1;6.7500000000000004e-02;5.0749999999999995e-01;0.0000000000000000e+00
4084;0;1;9.2500000000000013e-02;5.0749999999999995e-01;0.0000000000000000e+00
4085;0;1;1.1750000000000001e-01;5.0749999999999995e-01;0.0000000000000000e+00
4086;0;1;1.4249999999999999e-01;5.0749999999999995e-01;0.0000000000000000e+00
4087;0;1;1.6750000000000001e-01;5.0749999999999995e-01;0.0000000000000000e+00
4088;0;1;1.9250000000000000e-01;5.0749999999999995e-01;0.0000000000000000e+00
4089;0;1;2.1750000000000000e-01;5.0749999999999995e-01;0.0000000000000000e+00
4090;0;1;2.4249999999999999e-01;5.0749999999999995e-01;0.0000000000000000e+00
4091;0;1;2.6750000000000002e-01;5.0749999999999995e-01;0.0000000000000000e+00
4092;0;1;2.9250000000000004e-01;5.0749999999999995e-01;0.0000000000000000e+00
4093;0;1;3.1750000000000006e-01;5.0749999999999995e-01;0.0000000000000000e+00
4094;0;1;3.4250000000000003e-01;5.0749999999999995e-01;0.0000000000000000e+00
4095;0;1;3.6750000000000005e-01;5.0749999999999995e-01;0.0000000000000000e+00
4096;0;1;3.9250000000000002e-01;5.0749999999999995e-01;0.0000000000000000e+00
4097;0;1;4.1750000000000004e-01;5.0749999999999995e-01;0.0000000000000000e+00
4098;0;1;4.4250000000000006e-01;5.0749999999999995e-01;0.0000000000000000e+00
4099;0;1;4.6750000000000003e-01;5.0749999999999995e-01;0.0000000000000000e+00
4100;0;1;4.9250000000000005e-01;5.0749999999999995e-01;0.0000000000000000e+00
4101;0;1;5.1749999999999996e-01;5.0749999999999995e-01;0.0000000000000000e+00
4102;0;1;5.4249999999999998e-01;5.0749999999999995e-01;0.0000000000000000e+00
4103;0;1;5.6750000000000000e-01;5.0749999999999995e-01;0.0000000000000000e+00
4104;0;1;5.9250000000000003e-01;5.0749999999999995e-01;0.0000000000000000e+00
4105;0;1;6.1750000000000005e-01;5.0749999999999995e-01;0.0000000000000000e+00
4106;0;1;6.4249999999999996e-01;5.0749999999999995e-01;0.0000000000000000e+00
4107;0;1;6.6749999999999998e-01;5.0749999999999995e-01;0.0000000000000000e+00
4108;0;1;6.9250000000000000e-01;5.0749999999999995e-01;0.0000000000000000e+00
4109;0;1;7.1750000000000003e-01;5.0749999999999995e-01;0.0000000000000000e+00
4110;0;1;7.4250000000000005e-01;5.0749999999999995e-01;0.0000000000000000e+00
4111;0;1;7.6749999999999996e-01;5.0749999999999995e-01;0.0000000000000000e+00
4112;0;1;7.9249999999999998e-01;5.0749999999999995e-01;0.0000000000000000e+00
4113;0;1;8.1750000000000000e-01;5.0749999999999995e-01;0.0000000000000000e+00
4114;0;1;8.4250000000000003e-01;5.0749999999999995e-01;0.0000000000000000e+00
4115;0;1;8.6750000000000005e-01;5.0749999999999995e-01;0.0000000000000000e+00
4116;0;1;8.9249999999999996e-01;5.0749999999999995e-01;0.0000000000000000e+00
4117;0;1;9.1749999999999998e-01;5.0749999999999995e-01;0.0000000000000000e+00
4118;0;1;9.4250000000000000e-01;5.0749999999999995e-01;0.0000000000000000e+00
4119;0;1;9.6750000000000003e-01;5.0749999999999995e-01;0.0000000000000000e+00
4120;0;1;9.9250000000000005e-01;5.0749999999999995e-01;0.0000000000000000e+00
4121;0;1;1.7499999999999998e-02;5.3249999999999997e-01;0.0000000000000000e+00
4122;0;1;4.2499999999999996e-02;5.3249999999999997e-01;0.0000000000000000e+00
4123;0;1;6.7500000000000004e-02;5.3249999999999997e-01;0.0000000000000000e+00
4124;0;1;9.2500000000000013e-02;5.3249999999999997e-01;0.0000000000000000e+00
4125;0;1;1.1750000000000001e-01;5.3249999999999997e-01;0.0000000000000000e+00
4126;0;1;1.4249999999999999e-01;5.3249999999999997e-01;0.0000000000000000e+00
4127;0;1;1.6750000000000001e-01;5.3249999999999997e-01;0.0000000000000000e+00
4128;0;1;1.9250000000000000e-01;5.3249999999999997e-01;0.0000000000000000e+00
4129;0;1;2.1750000000000000e-01;5.3249999999999997e-01;0.0000000000000000e+00
4130;0;1;2.4249999999999999e-01;5.3249999999999997e-01;0.0000000000000000e+00
4131;0;1;2.6750000000000002e-01;5.3249999999999997e-01;0.0000000000000000e+00
4132;0;1;2.9250000000000004e-01;5.3249999999999997e-01;0.0000000000000000e+00
4133;0;1;3.1750000000000006e-01;5.3249999999999997e-01;0.0000000000000000e+00
4134;0;1;3.4250000000000003e-01;5.3249999999999997e-01;0.0000000000000000e+00
4135;0;1;3.6750000000000005e-01;5.3249999999999997e-01;0.0000000000000000e+00
4136;0;1;3.9250000000000002e-01;5.3249999999999997e-01;0.0000000000000000e+00
4137;0;1;4.1750000000000004e-01;5.3249999999999997e-01;0.0000000000000000e+00
4138;0;1;4.4250000000000006e-01;5.3249999999999997e-01;0.0000000000000000e+00
4139;0;1;4.6750000000000003e-01;5.3249999999999997e-01;0.0000000000000000e+00
4140;0;1;4.9250000000000005e-01;5.3249999999999997e-01;0.0000000000000000e+00
4141;0;1;5.1749999999999996e-01;5.3249999999999997e-01;0.0000000000000000e+00
4142;0;1;5.4249999999999998e-01;5.3249999999999997e-01;0.0000000000000000e+00
4143;0;1;5.6750000000000000e-01;5.3249999999999997e-01;0.0000000000000000e+00
4144;0;1;5.9250000000000003e-01;5.3249999999999997e-01;0.0000000000000000e+00
4145;0;1;6.1750000000000005e-01;5.3249999999999997e-01;0.0000000000000000e+00
4146;0;1;6.4249999999999996e-01;5.3249999999999997e-01;0.0000000000000000e+00
4147;0;1;6.6749999999999998e-01;5.3249999999999997e-01;0.0000000000000000e+00
4148;0;1;6.9250000000000000e-01;5.3249999999999997e-01;0.0000000000000000e+00
4149;0;1;7.1750000000000003e-01;5.3249999999999997e-01;0.0000000000000000e+00
4150;0;1;7.4250000000000005e-01;5.3249999999999997e-01;0.0000000000000000e+00
4151;0;1;7.6749999999999996e-01;5.3249999999999997e-01;0.0000000000000000e+00
4152;0;1;7.9249999999999998e-01;5.3249999999999997e-01;0.0000000000000000e+00
4153;0;1;8.1750000000000000e-01;5.3249999999999997e-01;0.0000000000000000e+00
4154;0;1;8.4250000000000003e-01;5.3249999999999997e-01;0.0000000000000000e+00
4155;0;1;8.6750000000000005e-01;5.3249999999999997e-01;0.0000000000000000e+00
4156;0;1;8.9249999999999996e-01;5.3249999999999997e-01;0.0000000000000000e+00
4157;0;1;9.1749999999999998e-01;5.3249999999999997e-01;0.0000000000000000e+00
4158;0;1;9.4250000000000000e-01;5.3249999999999997e-01;0.0000000000000000e+00
4159;0;1;9.6750000000000003e-01;5.3249999999999997e-01;0.0000000000000000e+00
4160;0;1;9.9250000000000005e-01;5.3249999999999997e-01;0.0000000000000000e+00
4161;0;1;1.7499999999999998e-02;5.5750000000000000e-01;0.0000000000000000e+00
4162;0;1;4.2499999999999996e-02;5.5750000000000000e-01;0.0000000000000000e+00
4163;0;1;6.7500000000000004e-02;5.5750000000000000e-01;0.0000000000000000e+00
4164;0;1;9.2500000000000013e-02;5.5750000000000000e-01;0.0000000000000000e+00
4165;0;1;1.1750000000000001e-01;5.5750000000000000e-01;0.0000000000000000e+00
4166;0;1;1.4249999999999999e-01;5.5750000000000000e-01;0.0000000000000000e+00
4167;0;1;1.6750000000000001e-01;5.5750000000000000e-01;0.0000000000000000e+00
4168;0;1;1.9250000000000000e-01;5.5750000000000000e-01;0.0000000000000000e+00
4169;0;1;2.1750000000000000e-01;5.5750000000000000e-01;0.0000000000000000e+00
4170;0;1;2.4249999999999999e-01;5.5750000000000000e-01;0.0000000000000000e+00
4171;0;1;2.6750000000000002e-01;5.5750000000000000e-01;0.0000000000000000e+00
4172;0;1;2.9250000000000004e-01;5.5750000000000000e-01;0.0000000000000000e+00
4173;0;1;3.1750000000000006e-01;5.5750000000000000e-01;0.0000000000000000e+00
4174;0;1;3.4250000000000003e-01;5.5750000000000000e-01;0.0000000000000000e+00
4175;0;1;3.6750000000000005e-01;5.5750000000000000e-01;0.0000000000000000e+00
4176;0;1;3.9250000000000002e-01;5.5750000000000000e-01;0.0000000000000000e+00
4177;0;1;4.1750000000000004e-01;5.5750000000000000e-01;0.0000000000000000e+00
4178;0;1;4.4250000000000006e-01;5.5750000000000000e-01;0.0000000000000000e+00
4179;0;1;4.6750000000000003e-01;5.5750000000000000e-01;0.0000000000000000e+00
4180;0;1;4.9250000000000005e-01;5.5750000000000000e-01;0.0000000000000000e+00
4181;0;1;5.1749999999999996e-01;5.5750000000000000e-01;0.0000000000000000e+00
4182;0;1;5.4249999999999998e-01;5.5750000000000000e-01;0.0000000000000000e+00
4183;0;1;5.6750000000000000e-01;5.5750000000000000e-01;0.0000000000000000e+00
4184;0;1;5.9250000000000003e-01;5.5750000000000000e-01;0.0000000000000000e+00
4185;0;1;6.1750000000000005e-01;5.5750000000000000e-01;0.0000000000000000e+00
4186;0;1;6.4249999999999996e-01;5.5750000000000000e-01;0.0000000000000000e+00
4187;0;1;6.6749999999999998e-01;5.5750000000000000e-01;0.0000000000000000e+00
4188;0;1;6.9250000000000000e-01;5.5750000000000000e-01;0.0000000000000000e+00
4189;0;1;7.1750000000000003e-01;5.5750000000000000e-01;0.0000000000000000e+00
4190;0;1;7.4250000000000005e-01;5.5750000000000000e-01;0.0000000000000000e+00
4191;0;1;7.6749999999999996e-01;5.5750000000000000e-01;0.0000000000000000e+00
4192;0;1;7.9249999999999998e-01;5.5750000000000000e-01;0.0000000000000000e+00
4193;0;1;8.1750000000000000e-01;5.5750000000000000e-01;0.0000000000000000e+00
4194;0;1;8.4250000000000003e-01;5.5750000000000000e-01;0.0000000000000000e+00
4195;0;1;8.6750000000000005e-01;5.5750000000000000e-01;0.0000000000000000e+00
4196;0;1;8.9249999999999996e-01;5.5750000000000000e-01;0.0000000000000000e+00
4197;0;1;9.1749999999999998e-01;5.5750000000000000e-01;0.0000000000000000e+00
4198;0;1;9.4250000000000000e-01;5.5750000000000000e-01;0.0000000000000000e+00
4199;0;1;9.6750000000000003e-01;5.5750000000000000e-01;0.0000000000000000e+00
4200;0;1;9.9250000000000005e-01;5.5750000000000000e-01;0.0000000000000000e+00
4201;0;1;1.7499999999999998e-02;5.8250000000000002e-01;0.0000000000000000e+00
4202;0;1;4.2499999999999996e-02;5.8250000000000002e-01;0.0000000000000000e+00
4203;0;1;6.7500000000000004e-02;5.8250000000000002e-01;0.0000000000000000e+00
4204;0;1;9.2500000000000013e-02;5.8250000000000002e-01;0.0000000000000000e+00
4205;0;1;1.1750000000000001e-01;5.8250000000000002e-01;0.0000000000000000e+00
4206;0;1;1.4249999999999999e-01;5.8250000000000002e-01;0.0000000000000000e+00
4207;0;1;1.6750000000000001e-01;5.8250000000000002e-01;0.0000000000000000e+00
4208;0;1;1.9250000000000000e-01;5.8250000000000002e-01;0.0000000000000000e+00
4209;0;1;2.1750000000000000e-01;5.8250000000000002e-01;0.0000000000000000e+00
4210;0;1;2.4249999999999999e-01;5.8250000000000002e-01;0.0000000000000000e+00
4211;0;1;2.6750000000000002e-01;5.8250000000000002e-01;0.0000000000000000e+00
4212;0;1;2.9250000000000004e-01;5.8250000000000002e-01;0.0000000000000000e+00
4213;0;1;3.1750000000000006e-01;5.8250000000000002e-01;0.0000000000000000e+00
4214;0;1;3.4250000000000003e-01;5.8250000000000002e-01;0.0000000000000000e+00
4215;0;1;3.6750000000000005e-01;5.8250000000000002e-01;0.0000000000000000e+00
4216;0;1;3.9250000000000002e-01;5.8250000000000002e-01;0.0000000000000000e+00
4217;0;1;4.1750000000000004e-01;5.8250000000000002e-01;0.0000000000000000e+00
4218;0;1;4.4250000000000006e-01;5.8250000000000002e-01;0.0000000000000000e+00
4219;0;1;4.6750000000000003e-01;5.8250000000000002e-01;0.0000000000000000e+00
4220;0;1;4.9250000000000005e-01;5.8250000000000002e-01;0.0000000000000000e+00
4221;0;1;5.1749999999999996e-01;5.8250000000000002e-01;0.0000000000000000e+00
4222;0;1;5.4249999999999998e-01;5.8250000000000002e-01;0.0000000000000000e+00
4223;0;1;5.6750000000000000e-01;5.8250000000000002e-01;0.0000000000000000e+00
4224;0;1;5.9250000000000003e-01;5.8250000000000002e-01;0.0000000000000000e+00
4225;0;1;6.1750000000000005e-01;5.8250000000000002e-01;0.0000000000000000e+00
4226;0;1;6.4249999999999996e-01;5.8250000000000002e-01;0.0000000000000000e+00
4227;0;1;6.6749999999999998e-01;5.8250000000000002e-01;0.0000000000000000e+00
4228;0;1;6.9250000000000000e-01;5.8250000000000002e-01;0.0000000000000000e+00
4229;0;1;7.1750000000000003e-01;5.8250000000000002e-01;0.0000000000000000e+00
4230;0;1;7.4250000000000005e-01;5.8250000000000002e-01;0.0000000000000000e+00
4231;0;1;7.6749999999999996e-01;5.8250000000000002e-01;0.0000000000000000e+00
4232;0;1;7.9249999999999998e-01;5.8250000000000002e-01;0.0000000000000000e+00
4233;0;1;8.1750000000000000e-01;5.8250000000000002e-01;0.0000000000000000e+00
4234;0;1;8.4250000000000003e-01;5.8250000000000002e-01;0.0000000000000000e+00
4235;0;1;8.6750000000000005e-01;5.8250000000000002e-01;0.0000000000000000e+00
4236;0;1;8.9249999999999996e-01;5.8250000000000002e-01;0.0000000000000000e+00
4237;0;1;9.1749999999999998e-01;5.8250000000000002e-01;0.0000000000000000e+00
4238;0;1;9.4250000000000000e-01;5.8250000000000002e-01;0.0000000000000000e+00
4239;0;1;9.6750000000000003e-01;5.8250000000000002e-01;0.0000000000000000e+00
4240;0;1;9.9250000000000005e-01;5.8250000000000002e-01;0.0000000000000000e+00
4241;0;1;1.7499999999999998e-02;6.0750000000000004e-01;0.0000000000000000e+00
4242;0;1;4.2499999999999996e-02;6.0750000000000004e-01;0.0000000000000000e+00
4243;0;1;6.7500000000000004e-02;6.0750000000000004e-01;0.0000000000000000e+00
4244;0;1;9.2500000000000013e-02;6.0750000000000004e-01;0.0000000000000000e+00
4245;0;1;1.1750000000000001e-01;6.0750000000000004e-01;0.0000000000000000e+00
4246;0;1;1.4249999999999999e-01;6.0750000000000004e-01;0.0000000000000000e+00
4247;0;1;1.6750000000000001e-01;6.0750000000000004e-01;0.0000000000000000e+00
4248;0;1;1.9250000000000000e-01;6.0750000000000004e-01;0.0000000000000000e+00
4249;0;1;2.1750000000000000e-01;6.0750000000000004e-01;0.0000000000000000e+00
4250;0;1;2.4249999999999999e-01;6.0750000000000004e-01;0.0000000000000000e+00
4251;0;1;2.6750000000000002e-01;6.0750000000000004e-01;0.0000000000000000e+00
4252;0;1;2.9250000000000004e-01;6.0750000000000004e-01;0.0000000000000000e+00
4253;0;1;3.1750000000000006e-01;6.0750000000000004e-01;0.0000000000000000e+00
4254;0;1;3.4250000000000003e-01;6.0750000000000004e-01;0.0000000000000000e+00
4255;0;1;3.6750000000000005e-01;6.0750000000000004e-01;0.0000000000000000e+00
4256;0;1;3.9250000000000002e-01;6.0750000000000004e-01;0.0000000000000000e+00
4257;0;1;4.1750000000000004e-01;6.0750000000000004e-01;0.0000000000000000e+00
4258;0;1;4.4250000000000006e-01;6.0750000000000004e-01;0.0000000000000000e+00
4259;0;1;4.6750000000000003e-01;6.0750000000000004e-01;0.0000000000000000e+00
4260;0;1;4.9250000000000005e-01;6.0750000000000004e-01;0.0000000000000000e+00
4261;0;1;5.1749999999999996e-01;6.0750000000000004e-01;0.0000000000000000e+00
4262;0;1;5.4249999999999998e-01;6.0750000000000004e-01;0.0000000000000000e+00
4263;0;1;5.6750000000000000e-01;6.0750000000000004e-01;0.0000000000000000e+00
4264;0;1;5.9250000000000003e-01;6.0750000000000004e-01;0.0000000000000000e+00
4265;0;1;6.1750000000000005e-01;6.0750000000000004e-01;0.0000000000000000e+00
4266;0;1;6.4249999999999996e-01;6.0750000000000004e-01;0.0000000000000000e+00
4267;0;1;6.6749999999999998e-01;6.0750000000000004e-01;0.0000000000000000e+00
4268;0;1;6.9250000000000000e-01;6.0750000000000004e-01;0.0000000000000000e+00
4269;0;1;7.1750000000000003e-01;6.0750000000000004e-01;0.0000000000000000e+00
4270;0;1;7.4250000000000005e-01;6.0750000000000004e-01;0.0000000000000000e+00
4271;0;1;7.6749999999999996e-01;6.0750000000000004e-01;0.0000000000000000e+00
4272;0;1;7.9249999999999998e-01;6.0750000000000004e-01;0.0000000000000000e+00
4273;0;1;8.1750000000000000e-01;6.0750000000000004e-01;0.0000000000000000e+00
4274;0;1;8.4250000000000003e-01;6.0750000000000004e-01;0.0000000000000000e+00
4275;0;1;8.6750000000000005e-01;6.0750000000000004e-01;0.0000000000000000e+00
4276;0;1;8.9249999999999996e-01;6.0750000000000004e-01;0.0000000000000000e+00
4277;0;1;9.1749999999999998e-01;6.0750000000000004e-01;0.0000000000000000e+00
4278;0;1;9.4250000000000000e-01;6.0750000000000004e-01;0.0000000000000000e+00
4279;0;1;9.6750000000000003e-01;6.0750000000000004e-01;0.0000000000000000e+00
4280;0;1;9.9250000000000005e-01;6.0750000000000004e-01;0.0000000000000000e+00
4281;0;1;1.7499999999999998e-02;6.3249999999999995e-01;0.0000000000000000e+00
4282;0;1;4.2499999999999996e-02;6.3249999999999995e-01;0.0000000000000000e+00
4283;0;1;6.7500000000000004e-02;6.3249999999999995e-01;0.0000000000000000e+00
4284;0;1;9.2500000000000013e-02;6.3249999999999995e-01;0.0000000000000000e+00
4285;0;1;1.1750000000000001e-01;6.3249999999999995e-01;0.0000000000000000e+00
4286;0;1;1.4249999999999999e-01;6.3249999999999995e-01;0.0000000000000000e+00
4287;0;1;1.6750000000000001e-01;6.3249999999999995e-01;0.0000000000000000e+00
4288;0;1;1.9250000000000000e-01;6.3249999999999995e-01;0.0000000000000000e+00
4289;0;1;2.1750000000000000e-01;6.3249999999999995e-01;0.0000000000000000e+00
4290;0;1;2.4249999999999999e-01;6.3249999999999995e-01;0.0000000000000000e+00
4291;0;1;2.6750000000000002e-01;6.3249999999999995e-01;0.0000000000000000e+00
4292;0;1;2.9250000000000004e-01;6.3249999999999995e-01;0.0000000000000000e+00
4293;0;1;3.1750000000000006e-01;6.3249999999999995e-01;0.0000000000000000e+00
4294;0;1;3.4250000000000003e-01;6.3249999999999995e-01;0.0000000000000000e+00
4295;0;1;3.6750000000000005e-01;6.3249999999999995e-01;0.0000000000000000e+00
4296;0;1;3.9250000000000002e-01;6.3249999999999995e-01;0.0000000000000000e+00
4297;0;1;4.1750000000000004e-01;6.3249999999999995e-01;0.0000000000000000e+00
4298;0;1;4.4250000000000006e-01;6.3249999999999995e-01;0.0000000000000000e+00
4299;0;1;4.6750000000000003e-01;6.3249999999999995e-01;0.0000000000000000e+00
4300;0;1;4.9250000000000005e-01;6.3249999999999995e-01;0.0000000000000000e+00
4301;0;1;5.1749999999999996e-01;6.3249999999999995e-01;0.0000000000000000e+00
4302;0;1;5.4249999999999998e-01;6.3249999999999995e-01;0.0000000000000000e+00
4303;0;1;5.6750000000000000e-01;6.3249999999999995e-01;0.0000000000000000e+00
4304;0;1;5.9250000000000003e-01;6.3249999999999995e-01;0.0000000000000000e+00
4305;0;1;6.1750000000000005e-01;6.3249999999999995e-01;0.0000000000000000e+00
4306;0;1;6.4249999999999996e-01;6.3249999999999995e-01;0.0000000000000000e+00
4307;0;1;6.6749999999999998e-01;6.3249999999999995e-01;0.0000000000000000e+00
4308;0;1;6.9250000000000000e-01;6.3249999999999995e-01;0.0000000000000000e+00
4309;0;1;7.1750000000000003e-01;6.3249999999999995e-01;0.0000000000000000e+00
4310;0;1;7.4250000000000005e-01;6.3249999999999995e-01;0.0000000000000000e+00
4311;0;1;7.6749999999999996e-01;6.3249999999999995e-01;0.0000000000000000e+00
4312;0;1;7.9249999999999998e-01;6.3249999999999995e-01;0.0000000000000000e+00
4313;0;1;8.1750000000000000e-01;6.3249999999999995e-01;0.0000000000000000e+00
4314;0;1;8.4250000000000003e-01;6.3249999999999995e-01;0.0000000000000000e+00
4315;0;1;8.6750000000000005e-01;6.3249999999999995e-01;0.0000000000000000e+00
4316;0;1;8.9249999999999996e-01;6.3249999999999995e-01;0.0000000000000000e+00
4317;0;1;9.1749999999999998e-01;6.3249999999999995e-01;0.0000000000000000e+00
4318;0;1;9.4250000000000000e-01;6.3249999999999995e-01;0.0000000000000000e+00
4319;0;1;9.6750000000000003e-01;6.3249999999999995e-01;0.0000000000000000e+00
4320;0;1;9.9250000000000005e-01;6.3249999999999995e-01;0.0000000000000000e+00
4321;0;1;1.7499999999999998e-02;6.5749999999999997e-01;0.0000000000000000e+00
4322;0;1;4.2499999999999996e-02;6.5749999999999997e-01;0.0000000000000000e+00
4323;0;1;6.7500000000000004e-02;6.5749999999999997e-01;0.0000000000000000e+00
4324;0;1;9.2500000000000013e-02;6.5749999999999997e-01;0.0000000000000000e+00
4325;0;1;1.1750000000000001e-01;6.5749999999999997e-01;0.0000000000000000e+00
4326;0;1;1.4249999999999999e-01;6.5749999999999997e-01;0.0000000000000000e+00
4327;0;1;1.6750000000000001e-01;6.5749999999999997e-01;0.0000000000000000e+00
4328;0;1;1.9250000000000000e-01;6.5749999999999997e-01;0.0000000000000000e+00
4329;0;1;2.1750000000000000e-01;6.5749999999999997e-01;0.0000000000000000e+00
4330;0;1;2.4249999999999999e-01;6.5749999999999997e-01;0.0000000000000000e+00
4331;0;1;2.6750000000000002e-01;6.5749999999999997e-01;0.0000000000000000e+00
4332;0;1;2.9250000000000004e-01;6.5749999999999997e-01;0.0000000000000000e+00
4333;0;1;3.1750000000000006e-01;6.5749999999999997e-01;0.0000000000000000e+00
4334;0;1;3.4250000000000003e-01;6.5749999999999997e-01;0.0000000000000000e+00
4335;0;1;3.6750000000000005e-01;6.5749999999999997e-01;0.0000000000000000e+00
4336;0;1;3.9250000000000002e-01;6.5749999999999997e-01;0.0000000000000000e+00
4337;0;1;4.1750000000000004e-01;6.5749999999999997e-01;0.0000000000000000e+00
4338;0;1;4.4250000000000006e-01;6.5749999999999997e-01;0.0000000000000000e+00
4339;0;1;4.6750000000000003e-01;6.5749999999999997e-01;0.0000000000000000e+00
4340;0;1;4.9250000000000005e-01;6.5749999999999997e-01;0.0000000000000000e+00
4341;0;1;5.1749999999999996e-01;6.5749999999999997e-01;0.0000000000000000e+00
4342;0;1;5.4249999999999998e-01;6.5749999999999997e-01;0.0000000000000000e+00
4343;0;1;5.6750000000000000e-01;6.5749999999999997e-01;0.0000000000000000e+00
4344;0;1;5.9250000000000003e-01;6.5749999999999997e-01;0.0000000000000000e+00
4345;0;1;6.1750000000000005e-01;6.5749999999999997e-01;0.0000000000000000e+00
4346;0;1;6.4249999999999996e-01;6.5749999999999997e-01;0.0000000000000000e+00
4347;0;1;6.6749999999999998e-01;6.5749999999999997e-01;0.0000000000000000e+00
4348;0;1;6.9250000000000000e-01;6.5749999999999997e-01;0.0000000000000000e+00
4349;0;1;7.1750000000000003e-01;6.5749999999999997e-01;0.0000000000000000e+00
4350;0;1;7.4250000000000005e-01;6.5749999999999997e-01;0.0000000000000000e+00
4351;0;1;7.6749999999999996e-01;6.5749999999999997e-01;0.0000000000000000e+00
4352;0;1;7.9249999999999998e-01;6.5749999999999997e-01;0.0000000000000000e+00
4353;0;1;8.1750000000000000e-01;6.5749999999999997e-01;0.0000000000000000e+00
4354;0;1;8.4250000000000003e-01;6.5749999999999997e-01;0.0000000000000000e+00
4355;0;1;8.6750000000000005e-01;6.5749999999999997e-01;0.0000000000000000e+00
4356;0;1;8.9249999999999996e-01;6.5749999999999997e-01;0.0000000000000000e+00
4357;0;1;9.1749999999999998e-01;6.5749999999999997e-01;0.0000000000000000e+00
4358;0;1;9.4250000000000000e-01;6.5749999999999997e-01;0.0000000000000000e+00
4359;0;1;9.6750000000000003e-01;6.5749999999999997e-01;0.0000000000000000e+00
4360;0;1;9.9250000000000005e-01;6.5749999999999997e-01;0.0000000000000000e+00
4361;0;1;1.7499999999999998e-02;6.8250000000000000e-01;0.0000000000000000e+00
4362;0;1;4.2499999999999996e-02;6.8250000000000000e-01;0.0000000000000000e+00
4363;0;1;6.7500000000000004e-02;6.8250000000000000e-01;0.0000000000000000e+00
4364;0;1;9.2500000000000013e-02;6.8250000000000000e-01;0.0000000000000000e+00
4365;0;1;1.1750000000000001e-01;6.8250000000000000e-01;0.0000000000000000e+00
4366;0;1;1.4249999999999999e-01;6.8250000000000000e-01;0.0000000000000000e+00
4367;0;1;1.6750000000000001e-01;6.8250000000000000e-01;0.0000000000000000e+00
4368;0;1;1.9250000000000000e-01;6.8250000000000000e-01;0.0000000000000000e+00
4369;0;1;2.1750000000000000e-01;6.8250000000000000e-01;0.0000000000000000e+00
4370;0;1;2.4249999999999999e-01;6.8250000000000000e-01;0.0000000000000000e+00
4371;0;1;2.6750000000000002e-01;6.8250000000000000e-01;0.0000000000000000e+00
4372;0;1;2.9250000000000004e-01;6.8250000000000000e-01;0.0000000000000000e+00
4373;0;1;3.1750000000000006e-01;6.8250000000000000e-01;0.0000000000000000e+00
4374;0;1;3.4250000000000003e-01;6.8250000000000000e-01;0.0000000000000000e+00
4375;0;1;3.6750000000000005e-01;6.8250000000000000e-01;0.0000000000000000e+00
4376;0;1;3.9250000000000002e-01;6.8250000000000000e-01;0.0000000000000000e+00
4377;0;1;4.1750000000000004e-01;6.8250000000000000e-01;0.0000000000000000e+00
4378;0;1;4.4250000000000006e-01;6.8250000000000000e-01;0.0000000000000000e+00
4379;0;1;4.6750000000000003e-01;6.8250000000000000e-01;0.0000000000000000e+00
4380;0;1;4.9250000000000005e-01;6.8250000000000000e-01;0.0000000000000000e+00
4381;0;1;5.1749999999999996e-01;6.8250000000000000e-01;0.0000000000000000e+00
4382;0;1;5.4249999999999998e-01;6.8250000000000000e-01;0.0000000000000000e+00
4383;0;1;5.6750000000000000e-01;6.8250000000000000e-01;0.0000000000000000e+00
4384;0;1;5.9250000000000003e-01;6.8250000000000000e-01;0.0000000000000000e+00
4385;0;1;6.1750000000000005e-01;6.8250000000000000e-01;0.0000000000000000e+00
4386;0;1;6.4249999999999996e-01;6.8250000000000000e-01;0.0000000000000000e+00
4387;0;1;6.6749999999999998e-01;6.8250000000000000e-01;0.0000000000000000e+00
4388;0;1;6.9250000000000000e-01;6.8250000000000000e-01;0.0000000000000000e+00
4389;0;1;7.1750000000000003e-01;6.8250000000000000e-01;0.0000000000000000e+00
4390;0;1;7.4250000000000005e-01;6.8250000000000000e-01;0.0000000000000000e+00
4391;0;1;7.6749999999999996e-01;6.8250000000000000e-01;0.0000000000000000e+00
4392;0;1;7.9249999999999998e-01;6.8250000000000000e-01;0.0000000000000000e+00
4393;0;1;8.1750000000000000e-01;6.8250000000000000e-01;0.0000000000000000e+00
4394;0;1;8.4250000000000003e-01;6.8250000000000000e-01;0.0000000000000000e+00
4395;0;1;8.6750000000000005e-01;6.8250000000000000e-01;0.0000000000000000e+00
4396;0;1;8.9249999999999996e-01;6.8250000000000000e-01;0.0000000000000000e+00
4397;0;1;9.1749999999999998e-01;6.8250000000000000e-01;0.0000000000000000e+00
4398;0;1;9.4250000000000000e-01;6.8250000000000000e-01;0.0000000000000000e+00
4399;0;1;9.6750000000000003e-01;6.8250000000000000e-01;0.0000000000000000e+00
4400;0;1;9.9250000000000005e-01;6.8250000000000000e-01;0.0000000000000000e+00
4401;0;1;1.7499999999999998e-02;7.0750000000000002e-01;0.0000000000000000e+00
4402;0;1;4.2499999999999996e-02;7.0750000000000002e-01;0.0000000000000000e+00
4403;0;1;6.7500000000000004e-02;7.0750000000000002e-01;0.0000000000000000e+00
4404;0;1;9.2500000000000013e-02;7.0750000000000002e-01;0.0000000000000000e+00
4405;0;1;1.1750000000000001e-01;7.0750000000000002e-01;0.0000000000000000e+00
4406;0;1;1.4249999999999999e-01;7.0750000000000002e-01;0.0000000000000000e+00
4407;0;1;1.6750000000000001e-01;7.0750000000000002e-01;0.0000000000000000e+00
4408;0;1;1.9250000000000000e-01;7.0750000000000002e-01;0.0000000000000000e+00
4409;0;1;2.1750000000000000e-01;7.0750000000000002e-01;0.0000000000000000e+00
4410;0;1;2.4249999999999999e-01;7.0750000000000002e-01;0.0000000000000000e+00
4411;0;1;2.6750000000000002e-01;7.0750000000000002e-01;0.0000000000000000e+00
4412;0;1;2.9250000000000004e-01;7.0750000000000002e-01;0.0000000000000000e+00
4413;0;1;3.1750000000000006e-01;7.0750000000000002e-01;0.0000000000000000e+00
4414;0;1;3.4250000000000003e-01;7.0750000000000002e-01;0.0000000000000000e+00
4415;0;1;3.6750000000000005e-01;7.0750000000000002e-01;0.0000000000000000e+00
4416;0;1;3.9250000000000002e-01;7.0750000000000002e-01;0.0000000000000000e+00
4417;0;1;4.1750000000000004e-01;7.0750000000000002e-01;0.0000000000000000e+00
4418;0;1;4.4250000000000006e-01;7.0750000000000002e-01;0.0000000000000000e+00
4419;0;1;4.6750000000000003e-01;7.0750000000000002e-01;0.0000000000000000e+00
4420;0;1;4.9250000000000005e-01;7.0750000000000002e-01;0.0000000000000000e+00
4421;0;1;5.1749999999999996e-01;7.0750000000000002e-01;0.0000000000000000e+00
4422;0;1;5.4249999999999998e-01;7.0750000000000002e-01;0.0000000000000000e+00
4423;0;1;5.6750000000000000e-01;7.0750000000000002e-01;0.0000000000000000e+00
4424;0;1;5.9250000000000003e-01;7.0750000000000002e-01;0.0000000000000000e+00
4425;0;1;6.1750000000000005e-01;7.0750000000000002e-01;0.0000000000000000e+00
4426;0;1;6.4249999999999996e-01;7.0750000000000002e-01;0.0000000000000000e+00
4427;0;1;6.6749999999999998e-01;7.0750000000000002e-01;0.0000000000000000e+00
4428;0;1;6.9250000000000000e-01;7.0750000000000002e-01;0.0000000000000000e+00
4429;0;1;7.1750000000000003e-01;7.0750000000000002e-01;0.0000000000000000e+00
4430;0;1;7.4250000000000005e-01;7.0750000000000002e-01;0.0000000000000000e+00
4431;0;1;7.6749999999999996e-01;7.0750000000000002e-01;0.0000000000000000e+00
4432;0;1;7.9249999999999998e-01;7.0750000000000002e-01;0.0000000000000000e+00
4433;0;1;8.1750000000000000e-01;7.0750000000000002e-01;0.0000000000000000e+00
4434;0;1;8.4250000000000003e-01;7.0750000000000002e-01;0.0000000000000000e+00
4435;0;1;8.6750000000000005e-01;7.0750000000000002e-01;0.0000000000000000e+00
4436;0;1;8.9249999999999996e-01;7.0750000000000002e-01;0.0000000000000000e+00
4437;0;1;9.1749999999999998e-01;7.0750000000000002e-01;0.0000000000000000e+00
4438;0;1;9.4250000000000000e-01;7.0750000000000002e-01;0.0000000000000000e+00
4439;0;1;9.6750000000000003e-01;7.0750000000000002e-01;0.0000000000000000e+00
4440;0;1;9.9250000000000005e-01;7.0750000000000002e-01;0.0000000000000000e+00
4441;0;1;1.7499999999999998e-02;7.3250000000000004e-01;0.0000000000000000e+00
4442;0;1;4.2499999999999996e-02;7.3250000000000004e-01;0.0000000000000000e+00
4443;0;1;6.7500000000000004e-02;7.3250000000000004e-01;0.0000000000000000e+00
4444;0;1;9.2500000000000013e-02;7.3250000000000004e-01;0.0000000000000000e+00
4445;0;1;1.1750000000000001e-01;7.3250000000000004e-01;0.0000000000000000e+00
4446;0;1;1.4249999999999999e-01;7.3250000000000004e-01;0.0000000000000000e+00
4447;0;1;1.6750000000000001e-01;7.3250000000000004e-01;0.0000000000000000e+00
4448;0;1;1.9250000000000000e-01;7.3250000000000004e-01;0.0000000000000000e+00
4449;0;1;2.1750000000000000e-01;7.3250000000000004e-01;0.0000000000000000e+00
4450;0;1;2.4249999999999999e-01;7.3250000000000004e-01;0.0000000000000000e+00
4451;0;1;2.6750000000000002e-01;7.3250000000000004e-01;0.0000000000000000e+00
4452;0;1;2.9250000000000004e-01;7.3250000000000004e-01;0.0000000000000000e+00
4453;0;1;3.1750000000000006e-01;7.3250000000000004e-01;0.0000000000000000e+00
4454;0;1;3.4250000000000003e-01;7.3250000000000004e-01;0.0000000000000000e+00
4455;0;1;3.6750000000000005e-01;7.3250000000000004e-01;0.0000000000000000e+00
4456;0;1;3.9250000000000002e-01;7.3250000000000004e-01;0.0000000000000000e+00
4457;0;1;4.1750000000000004e-01;7.3250000000000004e-01;0.0000000000000000e+00
4458;0;1;4.4250000000000006e-01;7.3250000000000004e-01;0.0000000000000000e+00
4459;0;1;4.6750000000000003e-01;7.3250000000000004e-01;0.0000000000000000e+00
4460;0;1;4.9250000000000005e-01;7.3250000000000004e-01;0.0000000000000000e+00
4461;0;1;5.1749999999999996e-01;7.3250000000000004e-01;0.0000000000000000e+00
4462;0;1;5.4249999999999998e-01;7.3250000000000004e-01;0.0000000000000000e+00
4463;0;1;5.6750000000000000e-01;7.3250000000000004e-01;0.0000000000000000e+00
4464;0;1;5.9250000000000003e-01;7.3250000000000004e-01;0.0000000000000000e+00
4465;0;1;6.1750000000000005e-01;7.3250000000000004e-01;0.0000000000000000e+00
4466;0;1;6.4249999999999996e-01;7.3250000000000004e-01;0.0000000000000000e+00
4467;0;1;6.6749999999999998e-01;7.3250000000000004e-01;0.0000000000000000e+00
4468;0;1;6.9250000000000000e-01;7.3250000000000004e-01;0.0000000000000000e+00
4469;0;1;7.1750000000000003e-01;7.3250000000000004e-01;0.0000000000000000e+00
4470;0;1;7.4250000000000005e-01;7.3250000000000004e-01;0.0000000000000000e+00
4471;0;1;7.6749999999999996e-01;7.3250000000000004e-01;0.0000000000000000e+00
4472;0;1;7.9249999999999998e-01;7.3250000000000004e-01;0.0000000000000000e+00
4473;0;1;8.1750000000000000e-01;7.3250000000000004e-01;0.0000000000000000e+00
4474;0;1;8.4250000000000003e-01;7.3250000000000004e-01;0.0000000000000000e+00
4475;0;1;8.6750000000000005e-01;7.3250000000000004e-01;0.0000000000000000e+00
4476;0;1;8.9249999999999996e-01;7.3250000000000004e-01;0.0000000000000000e+00
4477;0;1;9.1749999999999998e-01;7.3250000000000004e-01;0.0000000000000000e+00
4478;0;1;9.4250000000000000e-01;7.3250000000000004e-01;0.0000000000000000e+00
4479;0;1;9.6750000000000003e-01;7.3250000000000004e-01;0.0000000000000000e+00
4480;0;1;9.9250000000000005e-01;7.3250000000000004e-01;0.0000000000000000e+00
4481;0;1;1.7499999999999998e-02;7.5749999999999995e-01;0.0000000000000000e+00
4482;0;1;4.2499999999999996e-02;7.5749999999999995e-01;0.0000000000000000e+00
4483;0;1;6.7500000000000004e-02;7.5749999999999995e-01;0.0000000000000000e+00
4484;0;1;9.2500000000000013e-02;7.5749999999999995e-01;0.0000000000000000e+00
4485;0;1;1.1750000000000001e-01;7.5749999999999995e-01;0.0000000000000000e+00
4486;0;1;1.4249999999999999e-01;7.5749999999999995e-01;0.0000000000000000e+00
4487;0;1;1.6750000000000001e-01;7.5749999999999995e-01;0.0000000000000000e+00
4488;0;1;1.9250000000000000e-01;7.5749999999999995e-01;0.0000000000000000e+00
4489;0;1;2.1750000000000000e-01;7.5749999999999995e-01;0.0000000000000000e+00
4490;0;1;2.4249999999999999e-01;7.5749999999999995e-01;0.0000000000000000e+00
4491;0;1;2.6750000000000002e-01;7.5749999999999995e-01;0.0000000000000000e+00
4492;0;1;2.9250000000000004e-01;7.5749999999999995e-01;0.0000000000000000e+00
4493;0;1;3.1750000000000006e-01;7.5749999999999995e-01;0.0000000000000000e+00
4494;0;1;3.4250000000000003e-01;7.5749999999999995e-01;0.0000000000000000e+00
4495;0;1;3.6750000000000005e-01;7.5749999999999995e-01;0.0000000000000000e+00
4496;0;1;3.9250000000000002e-01;7.5749999999999995e-01;0.0000000000000000e+00
4497;0;1;4.1750000000000004e-01;7.5749999999999995e-01;0.0000000000000000e+00
4498;0;1;4.4250000000000006e-01;7.5749999999999995e-01;0.0000000000000000e+00
4499;0;1;4.6750000000000003e-01;7.5749999999999995e-01;0.0000000000000000e+00
4500;0;1;4.9250000000000005e-01;7.5749999999999995e-01;0.0000000000000000e+00
4501;0;1;5.1749999999999996e-01;7.5749999999999995e-01;0.0000000000000000e+00
4502;0;1;5.4249999999999998e-01;7.5749999999999995e-01;0.0000000000000000e+00
4503;0;1;5.6750000000000000e-01;7.5749999999999995e-01;0.0000000000000000e+00
4504;0;1;5.9250000000000003e-01;7.5749999999999995e-01;0.0000000000000000e+00
4505;0;1;6.1750000000000005e-01;7.5749999999999995e-01;0.0000000000000000e+00
4506;0;1;6.4249999999999996e-01;7.5749999999999995e-01;0.0000000000000000e+00
4507;0;1;6.6749999999999998e-01;7.5749999999999995e-01;0.0000000000000000e+00
4508;0;1;6.9250000000000000e-01;7.5749999999999995e-01;0.0000000000000000e+00
4509;0;1;7.1750000000000003e-01;7.5749999999999995e-01;0.0000000000000000e+00
4510;0;1;7.4250000000000005e-01;7.5749999999999995e-01;0.0000000000000000e+00
4511;0;1;7.6749999999999996e-01;7.5749999999999995e-01;0.0000000000000000e+00
4512;0;1;7.9249999999999998e-01;7.5749999999999995e-01;0.0000000000000000e+00
4513;0;1;8.1750000000000000e-01;7.5749999999999995e-01;0.0000000000000000e+00
4514;0;1;8.4250000000000003e-01;7.5749999999999995e-01;0.0000000000000000e+00
4515;0;1;8.6750000000000005e-01;7.5749999999999995e-01;0.0000000000000000e+00
4516;0;1;8.9249999999999996e-01;7.5749999999999995e-01;0.0000000000000000e+00
4517;0;1;9.1749999999999998e-01;7.5749999999999995e-01;0.0000000000000000e+00
4518;0;1;9.4250000000000000e-01;7.5749999999999995e-01;0.0000000000000000e+00
4519;0;1;9.6750000000000003e-01;7.5749999999999995e-01;0.0000000000000000e+00
4520;0;1;9.9250000000000005e-01;7.5749999999999995e-01;0.0000000000000000e+00
4521;0;1;1.7499999999999998e-02;7.8249999999999997e-01;0.0000000000000000e+00
4522;0;1;4.2499999999999996e-02;7.8249999999999997e-01;0.0000000000000000e+00
4523;0;1;6.7500000000000004e-02;7.8249999999999997e-01;0.0000000000000000e+00
4524;0;1;9.2500000000000013e-02;7.8249999999999997e-01;0.0000000000000000e+00
4525;0;1;1.1750000000000001e-01;7.8249999999999997e-01;0.0000000000000000e+00
4526;0;1;1.4249999999999999e-01;7.8249999999999997e-01;0.0000000000000000e+00
4527;0;1;1.6750000000000001e-01;7.8249999999999997e-01;0.0000000000000000e+00
4528;0;1;1.9250000000000000e-01;7.8249999999999997e-01;0.0000000000000000e+00
4529;0;1;2.1750000000000000e-01;7.8249999999999997e-01;0.0000000000000000e+00
4530;0;1;2.4249999999999999e-01;7.8249999999999997e-01;0.0000000000000000e+00
4531;0;1;2.6750000000000002e-01;7.8249999999999997e-01;0.0000000000000000e+00
4532;0;1;2.9250000000000004e-01;7.8249999999999997e-01;0.0000000000000000e+00
4533;0;1;3.1750000000000006e-01;7.8249999999999997e-01;0.0000000000000000e+00
4534;0;1;3.4250000000000003e-01;7.8249999999999997e-01;0.0000000000000000e+00
4535;0;1;3.6750000000000005e-01;7.8249999999999997e-01;0.0000000000000000e+00
4536;0;1;3.9250000000000002e-01;7.8249999999999997e-01;0.0000000000000000e+00
4537;0;1;4.1750000000000004e-01;7.8249999999999997e-01;0.0000000000000000e+00
4538;0;1;4.4250000000000006e-01;7.8249999999999997e-01;0.0000000000000000e+00
4539;0;1;4.6750000000000003e-01;7.8249999999999997e-01;0.0000000000000000e+00
4540;0;1;4.9250000000000005e-01;7.8249999999999997e-01;0.0000000000000000e+00
4541;0;1;5.1749999999999996e-01;7.8249999999999997e-01;0.0000000000000000e+00
4542;0;1;5.4249999999999998e-01;7.8249999999999997e-01;0.0000000000000000e+00
4543;0;1;5.6750000000000000e-01;7.8249999999999997e-01;0.0000000000000000e+00
4544;0;1;5.9250000000000003e-01;7.8249999999999997e-01;0.0000000000000000e+00
4545;0;1;6.1750000000000005e-01;7.8249999999999997e-01;0.0000000000000000e+00
4546;0;1;6.4249999999999996e-01;7.8249999999999997e-01;0.0000000000000000e+00
4547;0;1;6.6749999999999998e-01;7.8249999999999997e-01;0.0000000000000000e+00
4548;0;1;6.9250000000000000e-01;7.8249999999999997e-01;0.0000000000000000e+00
4549;0;1;7.1750000000000003e-01;7.8249999999999997e-01;0.0000000000000000e+00
4550;0;1;7.4250000000000005e-01;7.8249999999999997e-01;0.0000000000000000e+00
4551;0;1;7.6749999999999996e-01;7.8249999999999997e-01;0.0000000000000000e+00
4552;0;1;7.9249999999999998e-01;7.8249999999999997e-01;0.0000000000000000e+00
4553;0;1;8.1750000000000000e-01;7.8249999999999997e-01;0.0000000000000000e+00
4554;0;1;8.4250000000000003e-01;7.8249999999999997e-01;0.0000000000000000e+00
4555;0;1;8.6750000000000005e-01;7.8249999999999997e-01;0.0000000000000000e+00
4556;0;1;8.9249999999999996e-01;7.8249999999999997e-01;0.0000000000000000e+00
4557;0;1;9.1749999999999998e-01;7.8249999999999997e-01;0.0000000000000000e+00
4558;0;1;9.4250000000000000e-01;7.8249999999999997e-01;0.0000000000000000e+00
4559;0;1;9.6750000000000003e-01;7.8249999999999997e-01;0.0000000000000000e+00
4560;0;1;9.9250000000000005e-01;7.8249999999999997e-01;0.0000000000000000e+00
4561;0;1;1.7499999999999998e-02;8.0750000000000000e-01;0.0000000000000000e+00
4562;0;1;4.2499999999999996e-02;8.0750000000000000e-01;0.0000000000000000e+00
4563;0;1;6.7500000000000004e-02;8.0750000000000000e-01;0.0000000000000000e+00
4564;0;1;9.2500000000000013e-02;8.0750000000000000e-01;0.0000000000000000e+00
4565;0;1;1.1750000000000001e-01;8.0750000000000000e-01;0.0000000000000000e+00
4566;0;1;1.4249999999999999e-01;8.0750000000000000e-01;0.0000000000000000e+00
4567;0;1;1.6750000000000001e-01;8.0750000000000000e-01;0.0000000000000000e+00
4568;0;1;1.9250000000000000e-01;8.0750000000000000e-01;0.0000000000000000e+00
4569;0;1;2.1750000000000000e-01;8.0750000000000000e-01;0.0000000000000000e+00
4570;0;1;2.4249999999999999e-01;8.0750000000000000e-01;0.0000000000000000e+00
4571;0;1;2.6750000000000002e-01;8.0750000000000000e-01;0.0000000000000000e+00
4572;0;1;2.9250000000000004e-01;8.0750000000000000e-01;0.0000000000000000e+00
4573;0;1;3.1750000000000006e-01;8.0750000000000000e-01;0.0000000000000000e+00
4574;0;1;3.4250000000000003e-01;8.0750000000000000e-01;0.0000000000000000e+00
4575;0;1;3.6750000000000005e-01;8.0750000000000000e-01;0.0000000000000000e+00
4576;0;1;3.9250000000000002e-01;8.0750000000000000e-01;0.0000000000000000e+00
4577;0;1;4.1750000000000004e-01;8.0750000000000000e-01;0.0000000000000000e+00
4578;0;1;4.4250000000000006e-01;8.0750000000000000e-01;0.0000000000000000e+00
4579;0;1;4.6750000000000003e-01;8.0750000000000000e-01;0.0000000000000000e+00
4580;0;1;4.9250000000000005e-01;8.0750000000000000e-01;0.0000000000000000e+00
4581;0;1;5.1749999999999996e-01;8.0750000000000000e-01;0.0000000000000000e+00
4582;0;1;5.4249999999999998e-01;8.0750000000000000e-01;0.0000000000000000e+00
4583;0;1;5.6750000000000000e-01;8.0750000000000000e-01;0.0000000000000000e+00
4584;0;1;5.9250000000000003e-01;8.0750000000000000e-01;0.0000000000000000e+00
4585;0;1;6.1750000000000005e-01;8.0750000000000000e-01;0.0000000000000000e+00
4586;0;1;6.4249999999999996e-01;8.0750000000000000e-01;0.0000000000000000e+00
4587;0;1;6.6749999999999998e-01;8.0750000000000000e-01;0.0000000000000000e+00
4588;0;1;6.9250000000000000e-01;8.0750000000000000e-01;0.0000000000000000e+00
4589;0;1;7.1750000000000003e-01;8.0750000000000000e-01;0.0000000000000000e+00
4590;0;1;7.4250000000000005e-01;8.0750000000000000e-01;0.0000000000000000e+00
4591;0;1;7.6749999999999996e-01;8.0750000000000000e-01;0.0000000000000000e+00
4592;0;1;7.9249999999999998e-01;8.0750000000000000e-01;0.0000000000000000e+00
4593;0;1;8.1750000000000000e-01;8.0750000000000000e-01;0.0000000000000000e+00
4594;0;1;8.4250000000000003e-01;8.0750000000000000e-01;0.0000000000000000e+00
4595;0;1;8.6750000000000005e-01;8.0750000000000000e-01;0.0000000000000000e+00
4596;0;1;8.9249999999999996e-01;8.0750000000000000e-01;0.0000000000000000e+00
4597;0;1;9.1749999999999998e-01;8.0750000000000000e-01;0.0000000000000000e+00
4598;0;1;9.4250000000000000e-01;8.0750000000000000e-01;0.0000000000000000e+00
4599;0;1;9.6750000000000003e-01;8.0750000000000000e-01;0.0000000000000000e+00
4600;0;1;9.9250000000000005e-01;8.0750000000000000e-01;0.0000000000000000e+00
4601;0;1;1.7499999999999998e-02;8.3250000000000002e-01;0.0000000000000000e+00
4602;0;1;4.2499999999999996e-02;8.3250000000000002e-01;0.0000000000000000e+00
4603;0;1;6.7500000000000004e-02;8.3250000000000002e-01;0.0000000000000000e+00
4604;0;1;9.2500000000000013e-02;8.3250000000000002e-01;0.0000000000000000e+00
4605;0;1;1.1750000000000001e-01;8.3250000000000002e-01;0.0000000000000000e+00
4606;0;1;1.4249999999999999e-01;8.3250000000000002e-01;0.0000000000000000e+00
4607;0;1;1.6750000000000001e-01;8.3250000000000002e-01;0.0000000000000000e+00
4608;0;1;1.9250000000000000e-01;8.3250000000000002e-01;0.0000000000000000e+00
4609;0;1;2.1750000000000000e-01;8.3250000000000002e-01;0.0000000000000000e+00
4610;0;1;2.4249999999999999e-01;8.3250000000000002e-01;0.0000000000000000e+00
4611;0;1;2.6750000000000002e-01;8.3250000000000002e-01;0.0000000000000000e+00
4612;0;1;2.9250000000000004e-01;8.3250000000000002e-01;0.0000000000000000e+00
4613;0;1;3.1750000000000006e-01;8.3250000000000002e-01;0.0000000000000000e+00
4614;0;1;3.4250000000000003e-01;8.3250000000000002e-01;0.0000000000000000e+00
4615;0;1;3.6750000000000005e-01;8.3250000000000002e-01;0.0000000000000000e+00
4616;0;1;3.9250000000000002e-01;8.3250000000000002e-01;0.0000000000000000e+00
4617;0;1;4.1750000000000004e-01;8.3250000000000002e-01;0.0000000000000000e+00
4618;0;1;4.4250000000000006e-01;8.3250000000000002e-01;0.0000000000000000e+00
4619;0;1;4.6750000000000003e-01;8.3250000000000002e-01;0.0000000000000000e+00
4620;0;1;4.9250000000000005e-01;8.3250000000000002e-01;0.0000000000000000e+00
4621;0;1;5.1749999999999996e-01;8.3250000000000002e-01;0.0000000000000000e+00
4622;0;1;5.4249999999999998e-01;8.3250000000000002e-01;0.0000000000000000e+00
4623;0;1;5.6750000000000000e-01;8.3250000000000002e-01;0.0000000000000000e+00
4624;0;1;5.9250000000000003e-01;8.3250000000000002e-01;0.0000000000000000e+00
4625;0;1;6.1750000000000005e-01;8.3250000000000002e-01;0.0000000000000000e+00
4626;0;1;6.4249999999999996e-01;8.3250000000000002e-01;0.0000000000000000e+00
4627;0;1;6.6749999999999998e-01;8.3250000000000002e-01;0.0000000000000000e+00
4628;0;1;6.9250000000000000e-01;8.3250000000000002e-01;0.0000000000000000e+00
4629;0;1;7.1750000000000003e-01;8.3250000000000002e-01;0.0000000000000000e+00
4630;0;1;7.4250000000000005e-01;8.3250000000000002e-01;0.0000000000000000e+00
4631;0;1;7.6749999999999996e-01;8.3250000000000002e-01;0.0000000000000000e+00
4632;0;1;7.9249999999999998e-01;8.3250000000000002e-01;0.0000000000000000e+00
4633;0;1;8.1750000000000000e-01;8.3250000000000002e-01;0.0000000000000000e+00
4634;0;1;8.4250000000000003e-01;8.3250000000000002e-01;0.0000000000000000e+00
4635;0;1;8.6750000000000005e-01;8.3250000000000002e-01;0.0000000000000000e+00
4636;0;1;8.9249999999999996e-01;8.3250000000000002e-01;0.0000000000000000e+00
4637;0;1;9.1749999999999998e-01;8.3250000000000002e-01;0.0000000000000000e+00
4638;0;1;9.4250000000000000e-01;8.3250000000000002e-01;0.0000000000000000e+00
4639;0;1;9.6750000000000003e-01;8.3250000000000002e-01;0.0000000000000000e+00
4640;0;1;9.9250000000000005e-01;8.3250000000000002e-01;0.0000000000000000e+00
4641;0;1;1.7499999999999998e-02;8.5750000000000004e-01;0.0000000000000000e+00
4642;0;1;4.2499999999999996e-02;8.5750000000000004e-01;0.0000000000000000e+00
4643;0;1;6.7500000000000004e-02;8.5750000000000004e-01;0.0000000000000000e+00
4644;0;1;9.2500000000000013e-02;8.5750000000000004e-01;0.0000000000000000e+00
4645;0;1;1.1750000000000001e-01;8.5750000000000004e-01;0.0000000000000000e+00
4646;0;1;1.4249999999999999e-01;8.5750000000000004e-01;0.0000000000000000e+00
4647;0;1;1.6750000000000001e-01;8.5750000000000004e-01;0.0000000000000000e+00
4648;0;1;1.9250000000000000e-01;8.5750000000000004e-01;0.0000000000000000e+00
4649;0;1;2.1750000000000000e-01;8.5750000000000004e-01;0.0000000000000000e+00
4650;0;1;2.4249999999999999e-01;8.5750000000000004e-01;0.0000000000000000e+00
4651;0;1;2.6750000000000002e-01;8.5750000000000004e-01;0.0000000000000000e+00
4652;0;1;2.9250000000000004e-01;8.5750000000000004e-01;0.0000000000000000e+00
4653;0;1;3.1750000000000006e-01;8.5750000000000004e-01;0.0000000000000000e+00
4654;0;1;3.4250000000000003e-01;8.5750000000000004e-01;0.0000000000000000e+00
4655;0;1;3.6750000000000005e-01;8.5750000000000004e-01;0.0000000000000000e+00
4656;0;1;3.9250000000000002e-01;8.5750000000000004e-01;0.0000000000000000e+00
4657;0;1;4.1750000000000004e-01;8.5750000000000004e-01;0.0000000000000000e+00
4658;0;1;4.4250000000000006e-01;8.5750000000000004e-01;0.0000000000000000e+00
4659;0;1;4.6750000000000003e-01;8.5750000000000004e-01;0.0000000000000000e+00
4660;0;1;4.9250000000000005e-01;8.5750000000000004e-01;0.0000000000000000e+00
4661;0;1;5.1749999999999996e-01;8.5750000000000004e-01;0.0000000000000000e+00
4662;0;1;5.4249999999999998e-01;8.5750000000000004e-01;0.0000000000000000e+00
4663;0;1;5.6750000000000000e-01;8.5750000000000004e-01;0.0000000000000000e+00
4664;0;1;5.9250000000000003e-01;8.5750000000000004e-01;0.0000000000000000e+00
4665;0;1;6.1750000000000005e-01;8.5750000000000004e-01;0.0000000000000000e+00
4666;0;1;6.4249999999999996e-01;8.5750000000000004e-01;0.0000000000000000e+00
4667;0;1;6.6749999999999998e-01;8.5750000000000004e-01;0.0000000000000000e+00
4668;0;1;6.9250000000000000e-01;8.5750000000000004e-01;0.0000000000000000e+00
4669;0;1;7.1750000000000003e-01;8.5750000000000004e-01;0.0000000000000000e+00
4670;0;1;7.4250000000000005e-01;8.5750000000000004e-01;0.0000000000000000e+00
4671;0;1;7.6749999999999996e-01;8.5750000000000004e-01;0.0000000000000000e+00
4672;0;1;7.9249999999999998e-01;8.5750000000000004e-01;0.0000000000000000e+00
4673;0;1;8.1750000000000000e-01;8.5750000000000004e-01;0.0000000000000000e+00
4674;0;1;8.4250000000000003e-01;8.5750000000000004e-01;0.0000000000000000e+00
4675;0;1;8.6750000000000005e-01;8.5750000000000004e-01;0.0000000000000000e+00
4676;0;1;8.9249999999999996e-01;8.5750000000000004e-01;0.0000000000000000e+00
4677;0;1;9.1749999999999998e-01;8.5750000000000004e-01;0.0000000000000000e+00
4678;0;1;9.4250000000000000e-01;8.5750000000000004e-01;0.0000000000000000e+00
4679;0;1;9.6750000000000003e-01;8.5750000000000004e-01;0.0000000000000000e+00
4680;0;1;9.9250000000000005e-01;8.5750000000000004e-01;0.0000000000000000e+00
4681;0;1;1.7499999999999998e-02;8.8249999999999995e-01;0.0000000000000000e+00
4682;0;1;4.2499999999999996e-02;8.8249999999999995e-01;0.0000000000000000e+00
4683;0;1;6.7500000000000004e-02;8.8249999999999995e-01;0.0000000000000000e+00
4684;0;1;9.2500000000000013e-02;8.8249999999999995e-01;0.0000000000000000e+00
4685;0;1;1.1750000000000001e-01;8.8249999999999995e-01;0.0000000000000000e+00
4686;0;1;1.4249999999999999e-01;8.8249999999999995e-01;0.0000000000000000e+00
4687;0;1;1.6750000000000001e-01;8.8249999999999995e-01;0.0000000000000000e+00
4688;0;1;1.9250000000000000e-01;8.8249999999999995e-01;0.0000000000000000e+00
4689;0;1;2.1750000000000000e-01;8.8249999999999995e-01;0.0000000000000000e+00
4690;0;1;2.4249999999999999e-01;8.8249999999999995e-01;0.0000000000000000e+00
4691;0;1;2.6750000000000002e-01;8.8249999999999995e-01;0.0000000000000000e+00
4692;0;1;2.9250000000000004e-01;8.8249999999999995e-01;0.0000000000000000e+00
4693;0;1;3.1750000000000006e-01;8.8249999999999995e-01;0.0000000000000000e+00
4694;0;1;3.4250000000000003e-01;8.8249999999999995e-01;0.0000000000000000e+00
4695;0;1;3.6750000000000005e-01;8.8249999999999995e-01;0.0000000000000000e+00
4696;0;1;3.9250000000000002e-01;8.8249999999999995e-01;0.0000000000000000e+00
4697;0;1;4.1750000000000004e-01;8.8249999999999995e-01;0.0000000000000000e+00
4698;0;1;4.4250000000000006e-01;8.8249999999999995e-01;0.0000000000000000e+00
4699;0;1;4.6750000000000003e-01;8.8249999999999995e-01;0.0000000000000000e+00
4700;0;1;4.9250000000000005e-01;8.8249999999999995e-01;0.0000000000000000e+00
4701;0;1;5.1749999999999996e-01;8.8249999999999995e-01;0.0000000000000000e+00
4702;0;1;5.4249999999999998e-01;8.8249999999999995e-01;0.0000000000000000e+00
4703;0;1;5.6750000000000000e-01;8.8249999999999995e-01;0.0000000000000000e+00
4704;0;1;5.9250000000000003e-01;8.8249999999999995e-01;0.0000000000000000e+00
4705;0;1;6.1750000000000005e-01;8.8249999999999995e-01;0.0000000000000000e+00
4706;0;1;6.4249999999999996e-01;8.8249999999999995e-01;0.0000000000000000e+00
4707;0;1;6.6749999999999998e-01;8.8249999999999995e-01;0.0000000000000000e+00
4708;0;1;6.9250000000000000e-01;8.8249999999999995e-01;0.0000000000000000e+00
4709;0;1;7.1750000000000003e-01;8.8249999999999995e-01;0.0000000000000000e+00
4710;0;1;7.4250000000000005e-01;8.8249999999999995e-01;0.0000000000000000e+00
4711;0;1;7.6749999999999996e-01;8.8249999999999995e-01;0.0000000000000000e+00
4712;0;1;7.9249999999999998e-01;8.8249999999999995e-01;0.0000000000000000e+00
4713;0;1;8.1750000000000000e-01;8.8249999999999995e-01;0.0000000000000000e+00
4714;0;1;8.4250000000000003e-01;8.8249999999999995e-01;0.0000000000000000e+00
4715;0;1;8.6750000000000005e-01;8.8249999999999995e-01;0.0000000000000000e+00
4716;0;1;8.9249999999999996e-01;8.8249999999999995e-01;0.0000000000000000e+00
4717;0;1;9.1749999999999998e-01;8.8249999999999995e-01;0.0000000000000000e+00
4718;0;1;9.4250000000000000e-01;8.8249999999999995e-01;0.0000000000000000e+00
4719;0;1;9.6750000000000003e-01;8.8249999999999995e-01;0.0000000000000000e+00
4720;0;1;9.9250000000000005e-01;8.8249999999999995e-01;0.0000000000000000e+00
4721;0;1;1.7499999999999998e-02;9.0749999999999997e-01;0.0000000000000000e+00
4722;0;1;4.2499999999999996e-02;9.0749999999999997e-01;0.0000000000000000e+00
4723;0;1;6.7500000000000004e-02;9.0749999999999997e-01;0.0000000000000000e+00
4724;0;1;9.2500000000000013e-02;9.0749999999999997e-01;0.0000000000000000e+00
4725;0;1;1.1750000000000001e-01;9.0749999999999997e-01;0.0000000000000000e+00
4726;0;1;1.4249999999999999e-01;9.0749999999999997e-01;0.0000000000000000e+00
4727;0;1;1.6750000000000001e-01;9.0749999999999997e-01;0.0000000000000000e+00
4728;0;1;1.9250000000000000e-01;9.0749999999999997e-01;0.0000000000000000e+00
4729;0;1;2.1750000000000000e-01;9.0749999999999997e-01;0.0000000000000000e+00
4730;0;1;2.4249999999999999e-01;9.0749999999999997e-01;0.0000000000000000e+00
4731;0;1;2.6750000000000002e-01;9.0749999999999997e-01;0.0000000000000000e+00
4732;0;1;2.9250000000000004e-01;9.0749999999999997e-01;0.0000000000000000e+00
4733;0;1;3.1750000000000006e-01;9.0749999999999997e-01;0.0000000000000000e+00
4734;0;1;3.4250000000000003e-01;9.0749999999999997e-01;0.0000000000000000e+00
4735;0;1;3.6750000000000005e-01;9.0749999999999997e-01;0.0000000000000000e+00
4736;0;1;3.9250000000000002e-01;9.0749999999999997e-01;0.0000000000000000e+00
4737;0;1;4.1750000000000004e-01;9.0749999999999997e-01;0.0000000000000000e+00
4738;0;1;4.4250000000000006e-01;9.0749999999999997e-01;0.0000000000000000e+00
4739;0;1;4.6750000000000003e-01;9.0749999999999997e-01;0.0000000000000000e+00
4740;0;1;4.9250000000000005e-01;9.0749999999999997e-01;0.0000000000000000e+00
4741;0;1;5.1749999999999996e-01;9.0749999999999997e-01;0.0000000000000000e+00
4742;0;1;5.4249999999999998e-01;9.0749999999999997e-01;0.0000000000000000e+00
4743;0;1;5.6750000000000000e-01;9.0749999999999997e-01;0.0000000000000000e+00
4744;0;1;5.9250000000000003e-01;9.0749999999999997e-01;0.0000000000000000e+00
4745;0;1;6.1750000000000005e-01;9.0749999999999997e-01;0.0000000000000000e+00
4746;0;1;6.4249999999999996e-01;9.0749999999999997e-01;0.0000000000000000e+00
4747;0;1;6.6749999999999998e-01;9.0749999999999997e-01;0.0000000000000000e+00
4748;0;1;6.9250000000000000e-01;9.0749999999999997e-01;0.0000000000000000e+00
4749;0;1;7.1750000000000003e-01;9.0749999999999997e-01;0.0000000000000000e+00
4750;0;1;7.4250000000000005e-01;9.0749999999999997e-01;0.0000000000000000e+00
4751;0;1;7.6749999999999996e-01;9.0749999999999997e-01;0.0000000000000000e+00
4752;0;1;7.9249999999999998e-01;9.0749999999999997e-01;0.0000000000000000e+00
4753;0;1;8.1750000000000000e-01;9.0749999999999997e-01;0.0000000000000000e+00
4754;0;1;8.4250000000000003e-01;9.0749999999999997e-01;0.0000000000000000e+00
4755;0;1;8.6750000000000005e-01;9.0749999999999997e-01;0.0000000000000000e+00
4756;0;1;8.9249999999999996e-01;9.0749999999999997e-01;0.0000000000000000e+00
4757;0;1;9.1749999999999998e-01;9.0749999999999997e-01;0.0000000000000000e+00
4758;0;1;9.4250000000000000e-01;9.0749999999999997e-01;0.0000000000000000e+00
4759;0;1;9.6750000000000003e-01;9.0749999999999997e-01;0.0000000000000000e+00
4760;0;1;9.9250000000000005e-01;9.0749999999999997e-01;0.0000000000000000e+00
4761;0;1;1.7499999999999998e-02;9.3250000000000000e-01;0.0000000000000000e+00
4762;0;1;4.2499999999999996e-02;9.3250000000000000e-01;0.0000000000000000e+00
4763;0;1;6.7500000000000004e-02;9.3250000000000000e-01;0.0000000000000000e+00
4764;0;1;9.2500000000000013e-02;9.3250000000000000e-01;0.0000000000000000e+00
4765;0;1;1.1750000000000001e-01;9.3250000000000000e-01;0.0000000000000000e+00
4766;0;1;1.4249999999999999e-01;9.3250000000000000e-01;0.0000000000000000e+00
4767;0;1;1.6750000000000001e-01;9.3250000000000000e-01;0.0000000000000000e+00
4768;0;1;1.9250000000000000e-01;9.3250000000000000e-01;0.0000000000000000e+00
4769;0;1;2.1750000000000000e-01;9.3250000000000000e-01;0.0000000000000000e+00
4770;0;1;2.4249999999999999e-01;9.3250000000000000e-01;0.0000000000000000e+00
4771;0;1;2.6750000000000002e-01;9.3250000000000000e-01;0.0000000000000000e+00
4772;0;1;2.9250000000000004e-01;9.3250000000000000e-01;0.0000000000000000e+00
4773;0;1;3.1750000000000006e-01;9.3250000000000000e-01;0.0000000000000000e+00
4774;0;1;3.4250000000000003e-01;9.3250000000000000e-01;0.0000000000000000e+00
4775;0;1;3.6750000000000005e-01;9.3250000000000000e-01;0.0000000000000000e+00
4776;0;1;3.9250000000000002e-01;9.3250000000000000e-01;0.0000000000000000e+00
4777;0;1;4.1750000000000004e-01;9.3250000000000000e-01;0.0000000000000000e+00
4778;0;1;4.4250000000000006e-01;9.3250000000000000e-01;0.0000000000000000e+00
4779;0;1;4.6750000000000003e-01;9.3250000000000000e-01;0.0000000000000000e+00
4780;0;1;4.9250000000000005e-01;9.3250000000000000e-01;0.0000000000000000e+00
4781;0;1;5.1749999999999996e-01;9.3250000000000000e-01;0.0000000000000000e+00
4782;0;1;5.4249999999999998e-01;9.3250000000000000e-01;0.0000000000000000e+00
4783;0;1;5.6750000000000000e-01;9.3250000000000000e-01;0.0000000000000000e+00
4784;0;1;5.9250000000000003e-01;9.3250000000000000e-01;0.0000000000000000e+00
4785;0;1;6.1750000000000005e-01;9.3250000000000000e-01;0.0000000000000000e+00
4786;0;1;6.4249999999999996e-01;9.3250000000000000e-01;0.0000000000000000e+00
4787;0;1;6.6749999999999998e-01;9.3250000000000000e-01;0.0000000000000000e+00
4788;0;1;6.9250000000000000e-01;9.3250000000000000e-01;0.0000000000000000e+00
4789;0;1;7.1750000000000003e-01;9.3250000000000000e-01;0.0000000000000000e+00
4790;0;1;7.4250000000000005e-01;9.3250000000000000e-01;0.0000000000000000e+00
4791;0;1;7.6749999999999996e-01;9.3250000000000000e-01;0.0000000000000000e+00
4792;0;1;7.9249999999999998e-01;9.3250000000000000e-01;0.0000000000000000e+00
4793;0;1;8.1750000000000000e-01;9.3250000000000000e-01;0.0000000000000000e+00
4794;0;1;8.4250000000000003e-01;9.3250000000000000e-01;0.0000000000000000e+00
4795;0;1;8.6750000000000005e-01;9.3250000000000000e-01;0.0000000000000000e+00
4796;0;1;8.9249999999999996e-01;9.3250000000000000e-01;0.0000000000000000e+00
4797;0;1;9.1749999999999998e-01;9.3250000000000000e-01;0.0000000000000000e+00
4798;0;1;9.4250000000000000e-01;9.3250000000000000e-01;0.0000000000000000e+00
4799;0;1;9.6750000000000003e-01;9.3250000000000000e-01;0.0000000000000000e+00
4800;0;1;9.9250000000000005e-01;9.3250000000000000e-01;0.0000000000000000e+00
4801;0;1;1.7499999999999998e-02;9.5750000000000002e-01;0.0000000000000000e+00
4802;0;1;4.2499999999999996e-02;9.5750000000000002e-01;0.0000000000000000e+00
4803;0;1;6.7500000000000004e-02;9.5750000000000002e-01;0.0000000000000000e+00
4804;0;1;9.2500000000000013e-02;9.5750000000000002e-01;0.0000000000000000e+00
4805;0;1;1.1750000000000001e-01;9.5750000000000002e-01;0.0000000000000000e+00
4806;0;1;1.4249999999999999e-01;9.5750000000000002e-01;0.0000000000000000e+00
4807;0;1;1.6750000000000001e-01;9.5750000000000002e-01;0.0000000000000000e+00
4808;0;1;1.9250000000000000e-01;9.5750000000000002e-01;0.0000000000000000e+00
4809;0;1;2.1750000000000000e-01;9.5750000000000002e-01;0.0000000000000000e+00
4810;0;1;2.4249999999999999e-01;9.5750000000000002e-01;0.0000000000000000e+00
4811;0;1;2.6750000000000002e-01;9.5750000000000002e-01;0.0000000000000000e+00
4812;0;1;2.9250000000000004e-01;9.5750000000000002e-01;0.0000000000000000e+00
4813;0;1;3.1750000000000006e-01;9.5750000000000002e-01;0.0000000000000000e+00
4814;0;1;3.4250000000000003e-01;9.5750000000000002e-01;0.0000000000000000e+00
4815;0;1;3.6750000000000005e-01;9.5750000000000002e-01;0.0000000000000000e+00
4816;0;1;3.9250000000000002e-01;9.5750000000000002e-01;0.0000000000000000e+00
4817;0;1;4.1750000000000004e-01;9.5750000000000002e-01;0.0000000000000000e+00
4818;0;1;4.4250000000000006e-01;9.5750000000000002e-01;0.0000000000000000e+00
4819;0;1;4.6750000000000003e-01;9.5750000000000002e-01;0.0000000000000000e+00
4820;0;1;4.9250000000000005e-01;9.5750000000000002e-01;0.0000000000000000e+00
4821;0;1;5.1749999999999996e-01;9.5750000000000002e-01;0.0000000000000000e+00
4822;0;1;5.4249999999999998e-01;9.5750000000000002e-01;0.0000000000000000e+00
4823;0;1;5.6750000000000000e-01;9.5750000000000002e-01;0.0000000000000000e+00
4824;0;1;5.9250000000000003e-01;9.5750000000000002e-01;0.0000000000000000e+00
4825;0;1;6.1750000000000005e-01;9.5750000000000002e-01;0.0000000000000000e+00
4826;0;1;6.4249999999999996e-01;9.5750000000000002e-01;0.0000000000000000e+00
4827;0;1;6.6749999999999998e-01;9.5750000000000002e-01;0.0000000000000000e+00
4828;0;1;6.9250000000000000e-01;9.5750000000000002e-01;0.0000000000000000e+00
4829;0;1;7.1750000000000003e-01;9.5750000000000002e-01;0.0000000000000000e+00
4830;0;1;7.4250000000000005e-01;9.5750000000000002e-01;0.0000000000000000e+00
4831;0;1;7.6749999999999996e-01;9.5750000000000002e-01;0.0000000000000000e+00
4832;0;1;7.9249999999999998e-01;9.5750000000000002e-01;0.0000000000000000e+00
4833;0;1;8.1750000000000000e-01;9.5750000000000002e-01;0.0000000000000000e+00
4834;0;1;8.4250000000000003e-01;9.5750000000000002e-01;0.0000000000000000e+00
4835;0;1;8.6750000000000005e-01;9.5750000000000002e-01;0.0000000000000000e+00
4836;0;1;8.9249999999999996e-01;9.5750000000000002e-01;0.0000000000000000e+00
4837;0;1;9.1749999999999998e-01;9.5750000000000002e-01;0.0000000000000000e+00
4838;0;1;9.4250000000000000e-01;9.5750000000000002e-01;0.0000000000000000e+00
4839;0;1;9.6750000000000003e-01;9.5750000000000002e-01;0.0000000000000000e+00
4840;0;1;9.9250000000000005e-01;9.5750000000000002e-01;0.0000000000000000e+00
4841;0;1;1.7499999999999998e-02;9.8250000000000004e-01;0.0000000000000000e+00
4842;0;1;4.2499999999999996e-02;9.8250000000000004e-01;0.0000000000000000e+00
4843;0;1;6.7500000000000004e-02;9.8250000000000004e-01;0.0000000000000000e+00
4844;0;1;9.2500000000000013e-02;9.8250000000000004e-01;0.0000000000000000e+00
4845;0;1;1.1750000000000001e-01;9.8250000000000004e-01;0.0000000000000000e+00
4846;0;1;1.4249999999999999e-01;9.8250000000000004e-01;0.0000000000000000e+00
4847;0;1;1.6750000000000001e-01;9.8250000000000004e-01;0.0000000000000000e+00
4848;0;1;1.9250000000000000e-01;9.8250000000000004e-01;0.0000000000000000e+00
4849;0;1;2.1750000000000000e-01;9.8250000000000004e-01;0.0000000000000000e+00
4850;0;1;2.4249999999999999e-01;9.8250000000000004e-01;0.0000000000000000e+00
4851;0;1;2.6750000000000002e-01;9.8250000000000004e-01;0.0000000000000000e+00
4852;0;1;2.9250000000000004e-01;9.8250000000000004e-01;0.0000000000000000e+00
4853;0;1;3.1750000000000006e-01;9.8250000000000004e-01;0.0000000000000000e+00
4854;0;1;3.4250000000000003e-01;9.8250000000000004e-01;0.0000000000000000e+00
4855;0;1;3.6750000000000005e-01;9.8250000000000004e-01;0.0000000000000000e+00
4856;0;1;3.9250000000000002e-01;9.8250000000000004e-01;0.0000000000000000e+00
4857;0;1;4.1750000000000004e-01;9.8250000000000004e-01;0.0000000000000000e+00
4858;0;1;4.4250000000000006e-01;9.8250000000000004e-01;0.0000000000000000e+00
4859;0;1;4.6750000000000003e-01;9.8250000000000004e-01;0.0000000000000000e+00
4860;0;1;4.9250000000000005e-01;9.8250000000000004e-01;0.0000000000000000e+00
4861;0;1;5.1749999999999996e-01;9.8250000000000004e-01;0.0000000000000000e+00
4862;0;1;5.4249999999999998e-01;9.8250000000000004e-01;0.0000000000000000e+00
4863;0;1;5.6750000000000000e-01;9.8250000000000004e-01;0.0000000000000000e+00
4864;0;1;5.9250000000000003e-01;9.8250000000000004e-01;0.0000000000000000e+00
4865;0;1;6.1750000000000005e-01;9.8250000000000004e-01;0.0000000000000000e+00
4866;0;1;6.4249999999999996e-01;9.8250000000000004e-01;0.0000000000000000e+00
4867;0;1;6.6749999999999998e-01;9.8250000000000004e-01;0.0000000000000000e+00
4868;0;1;6.9250000000000000e-01;9.8250000000000004e-01;0.0000000000000000e+00
4869;0;1;7.1750000000000003e-01;9.8250000000000004e-01;0.0000000000000000e+00
4870;0;1;7.4250000000000005e-01;9.8250000000000004e-01;0.0000000000000000e+00
4871;0;1;7.6749999999999996e-01;9.8250000000000004e-01;0.0000000000000000e+00
4872;0;1;7.9249999999999998e-01;9.8250000000000004e-01;0.0000000000000000e+00
4873;0;1;8.1750000000000000e-01;9.8250000000000004e-01;0.0000000000000000e+00
4874;0;1;8.4250000000000003e-01;9.8250000000000004e-01;0.0000000000000000e+00
4875;0;1;8.6750000000000005e-01;9.8250000000000004e-01;0.0000000000000000e+00
4876;0;1;8.9249999999999996e-01;9.8250000000000004e-01;0.0000000000000000e+00
4877;0;1;9.1749999999999998e-01;9.8250000000000004e-01;0.0000000000000000e+00
4878;0;1;9.4250000000000000e-01;9.8250000000000004e-01;0.0000000000000000e+00
4879;0;1;9.6750000000000003e-01;9.8250000000000004e-01;0.0000000000000000e+00
4880;0;1;9.9250000000000005e-01;9.8250000000000004e-01;0.0000000000000000e+00
